Loaded molecule: ../sample_input/C4H10.txt
Number of atoms: 14
Alpha electrons: 13, Beta electrons: 13
[CNDO/S] Using overlap matrix (S ≠ I)
Modified parameters for H:
  Beta: 11.7 (original: 9)
  I+A/2: 5.7408 (original: 7.176)
Starting SCF iterations with overlap...
WARNING: SCF did not converge after 500 iterations.

Energy Results:
-------------------------------
Nuclear Repulsion Energy: 3907.811999 eV
Electronic Energy: 7896.571138 eV
Total Energy: 11804.383137 eV
-------------------------------
x
-506.253659  -51.363223    0.000000  128.238946  430.771300  -39.178457    0.000000 -232.860845 -429.716645  -51.994521   -0.000000  223.494883  497.152482  -47.363309    0.000000 -115.339984   52.949497  112.936475  112.936475  -77.625768  -77.625768   77.907257   77.907257  -54.241797 -116.707584 -116.707584
 -51.363223  -38.007849    0.000000   12.318999   38.416252   15.934418   -0.000000  -22.953029  -39.329102  -13.288807   -0.000000   22.302213   47.363309   -1.631427    0.000000  -11.527450   22.678536   10.483727   10.483727  -10.267723  -10.267723   10.064923   10.064923   -3.612982  -12.969795  -12.969795
   0.000000    0.000000  -48.413846   -0.000000   -0.000000    0.000000   32.504514    0.000000    0.000000    0.000000  -12.094668   -0.000000   -0.000000    0.000000    3.057993    0.000000   -0.000000  -20.431733   20.431733   13.818400  -13.818400   -5.510852    5.510852    0.000000    1.680790   -1.680790
 128.238946   12.318999   -0.000000 -116.381884 -106.741420   12.360504   -0.000000   67.681965  102.259509   10.996409   -0.000000  -16.305878 -115.339984   11.527450   -0.000000    0.130181  -14.189828  -30.349814  -30.349814   18.960651   18.960651  -18.234792  -18.234792   12.967563   26.571431   26.571431
 430.771300   38.416252   -0.000000 -106.741420 -377.216153   39.303148   -0.000000  199.562512  371.534373   47.747845    0.000000 -195.985555 -429.716645   39.329102   -0.000000  102.259509  -46.604614 -100.951369 -100.951369   64.140736   64.140736  -67.322429  -67.322429   46.400217  101.251060  101.251060
 -39.178457   15.934418    0.000000   12.360504   39.303148  -33.882157    0.000000  -22.349308  -47.747845   16.925001   -0.000000   21.318326   51.994521  -13.288807    0.000000  -10.996409   -2.516985   16.135836   16.135836   -8.548675   -8.548675    3.113133    3.113133   -9.323685   -8.077531   -8.077531
   0.000000   -0.000000   32.504514   -0.000000   -0.000000    0.000000  -71.294809    0.000000    0.000000   -0.000000   40.648455   -0.000000   -0.000000   -0.000000  -12.094668    0.000000   -0.000000   14.552777  -14.552777  -29.985565   29.985565   17.604664  -17.604664    0.000000   -5.994144    5.994144
-232.860845  -22.953029    0.000000   67.681965  199.562512  -22.349308    0.000000 -149.587539 -195.985555  -21.318326   -0.000000   72.498419  223.494883  -22.302213    0.000000  -16.305878   25.717610   54.593732   54.593732  -35.664532  -35.664532   35.032728   35.032728  -24.868512  -51.866390  -51.866390
-429.716645  -39.329102    0.000000  102.259509  371.534373  -47.747845    0.000000 -195.985555 -377.216153  -39.303148   -0.000000  199.562512  430.771300  -38.416252    0.000000 -106.741420   46.400217  101.251060  101.251060  -67.322429  -67.322429   64.140736   64.140736  -46.604614 -100.951369 -100.951369
 -51.994521  -13.288807    0.000000   10.996409   47.747845   16.925001   -0.000000  -21.318326  -39.303148  -33.882157    0.000000   22.349308   39.178457   15.934418    0.000000  -12.360504    9.323685    8.077531    8.077531   -3.113133   -3.113133    8.548675    8.548675    2.516985  -16.135836  -16.135836
  -0.000000   -0.000000  -12.094668   -0.000000    0.000000   -0.000000   40.648455   -0.000000   -0.000000    0.000000  -71.294809    0.000000    0.000000    0.000000   32.504514   -0.000000    0.000000   -5.994144    5.994144   17.604664  -17.604664  -29.985565   29.985565   -0.000000   14.552777  -14.552777
 223.494883   22.302213   -0.000000  -16.305878 -195.985555   21.318326   -0.000000   72.498419  199.562512   22.349308    0.000000 -149.587539 -232.860845   22.953029   -0.000000   67.681965  -24.868512  -51.866390  -51.866390   35.032728   35.032728  -35.664532  -35.664532   25.717610   54.593732   54.593732
 497.152482   47.363309   -0.000000 -115.339984 -429.716645   51.994521   -0.000000  223.494883  430.771300   39.178457    0.000000 -232.860845 -506.253659   51.363223   -0.000000  128.238946  -54.241797 -116.707584 -116.707584   77.907257   77.907257  -77.625768  -77.625768   52.949497  112.936475  112.936475
 -47.363309   -1.631427    0.000000   11.527450   39.329102  -13.288807   -0.000000  -22.302213  -38.416252   15.934418    0.000000   22.953029   51.363223  -38.007849   -0.000000  -12.318999    3.612982   12.969795   12.969795  -10.064923  -10.064923   10.267723   10.267723  -22.678536  -10.483727  -10.483727
   0.000000    0.000000    3.057993   -0.000000   -0.000000    0.000000  -12.094668    0.000000    0.000000    0.000000   32.504514   -0.000000   -0.000000   -0.000000  -48.413846    0.000000   -0.000000    1.680790   -1.680790   -5.510852    5.510852   13.818400  -13.818400    0.000000  -20.431733   20.431733
-115.339984  -11.527450    0.000000    0.130181  102.259509  -10.996409    0.000000  -16.305878 -106.741420  -12.360504   -0.000000   67.681965  128.238946  -12.318999    0.000000 -116.381884   12.967563   26.571431   26.571431  -18.234792  -18.234792   18.960651   18.960651  -14.189828  -30.349814  -30.349814
  52.949497   22.678536   -0.000000  -14.189828  -46.604614   -2.516985   -0.000000   25.717610   46.400217    9.323685    0.000000  -24.868512  -54.241797    3.612982   -0.000000   12.967563  -14.312106  -11.962733  -11.962733    7.828187    7.828187   -8.021785   -8.021785    4.322480   11.395732   11.395732
 112.936475   10.483727  -20.431733  -30.349814 -100.951369   16.135836   14.552777   54.593732  101.251060    8.077531   -5.994144  -51.866390 -116.707584   12.969795    1.680790   26.571431  -11.962733  -31.804298  -17.290323   20.175151    9.783804  -16.929487  -12.389830   11.395732   23.106361   21.616863
 112.936475   10.483727   20.431733  -30.349814 -100.951369   16.135836  -14.552777   54.593732  101.251060    8.077531    5.994144  -51.866390 -116.707584   12.969795   -1.680790   26.571431  -11.962733  -17.290323  -31.804298    9.783804   20.175151  -12.389830  -16.929487   11.395732   21.616863   23.106361
 -77.625768  -10.267723   13.818400   18.960651   64.140736   -8.548675  -29.985565  -35.664532  -67.322429   -3.113133   17.604664   35.032728   77.907257  -10.064923   -5.510852  -18.234792    7.828187   20.175151    9.783804  -21.910476   -0.710643   16.106408    3.309791   -8.021785  -16.929487  -12.389830
 -77.625768  -10.267723  -13.818400   18.960651   64.140736   -8.548675   29.985565  -35.664532  -67.322429   -3.113133  -17.604664   35.032728   77.907257  -10.064923    5.510852  -18.234792    7.828187    9.783804   20.175151   -0.710643  -21.910476    3.309791   16.106408   -8.021785  -12.389830  -16.929487
  77.907257   10.064923   -5.510852  -18.234792  -67.322429    3.113133   17.604664   35.032728   64.140736    8.548675  -29.985565  -35.664532  -77.625768   10.267723   13.818400   18.960651   -8.021785  -16.929487  -12.389830   16.106408    3.309791  -21.910476   -0.710643    7.828187   20.175151    9.783804
  77.907257   10.064923    5.510852  -18.234792  -67.322429    3.113133  -17.604664   35.032728   64.140736    8.548675   29.985565  -35.664532  -77.625768   10.267723  -13.818400   18.960651   -8.021785  -12.389830  -16.929487    3.309791   16.106408   -0.710643  -21.910476    7.828187    9.783804   20.175151
 -54.241797   -3.612982    0.000000   12.967563   46.400217   -9.323685    0.000000  -24.868512  -46.604614    2.516985   -0.000000   25.717610   52.949497  -22.678536    0.000000  -14.189828    4.322480   11.395732   11.395732   -8.021785   -8.021785    7.828187    7.828187  -14.312106  -11.962733  -11.962733
-116.707584  -12.969795    1.680790   26.571431  101.251060   -8.077531   -5.994144  -51.866390 -100.951369  -16.135836   14.552777   54.593732  112.936475  -10.483727  -20.431733  -30.349814   11.395732   23.106361   21.616863  -16.929487  -12.389830   20.175151    9.783804  -11.962733  -31.804298  -17.290323
-116.707584  -12.969795   -1.680790   26.571431  101.251060   -8.077531    5.994144  -51.866390 -100.951369  -16.135836  -14.552777   54.593732  112.936475  -10.483727   20.431733  -30.349814   11.395732   21.616863   23.106361  -12.389830  -16.929487    9.783804   20.175151  -11.962733  -17.290323  -31.804298
y
61.491364  0.000000  0.000000  0.000000 52.400422  0.000000  0.000000  0.000000 55.303727  0.000000  0.000000  0.000000 71.005186  0.000000  0.000000  0.000000 -8.594544 -2.011106 -2.011106 -4.913357 -4.913357 -4.831179 -4.831179 -8.374581 -2.174783 -2.174783
 0.000000  0.000000  0.000000  0.000000  0.000000  0.000000  0.000000  0.000000  0.000000  0.000000  0.000000  0.000000  0.000000  0.000000  0.000000  0.000000  0.000000  0.000000  0.000000  0.000000  0.000000  0.000000  0.000000  0.000000  0.000000  0.000000
 0.000000  0.000000  0.000000  0.000000  0.000000  0.000000  0.000000  0.000000  0.000000  0.000000  0.000000  0.000000  0.000000  0.000000  0.000000  0.000000  0.000000  0.000000  0.000000  0.000000  0.000000  0.000000  0.000000  0.000000  0.000000  0.000000
 0.000000  0.000000  0.000000  0.000000  0.000000  0.000000  0.000000  0.000000  0.000000  0.000000  0.000000  0.000000  0.000000  0.000000  0.000000  0.000000  0.000000  0.000000  0.000000  0.000000  0.000000  0.000000  0.000000  0.000000  0.000000  0.000000
52.400422  0.000000  0.000000  0.000000 33.863335  0.000000  0.000000  0.000000 41.549379  0.000000  0.000000  0.000000 55.303727  0.000000  0.000000  0.000000 -7.840998 -3.107764 -3.107764 -5.132357 -5.132357 -4.977363 -4.977363 -7.851350 -2.774027 -2.774027
 0.000000  0.000000  0.000000  0.000000  0.000000  0.000000  0.000000  0.000000  0.000000  0.000000  0.000000  0.000000  0.000000  0.000000  0.000000  0.000000  0.000000  0.000000  0.000000  0.000000  0.000000  0.000000  0.000000  0.000000  0.000000  0.000000
 0.000000  0.000000  0.000000  0.000000  0.000000  0.000000  0.000000  0.000000  0.000000  0.000000  0.000000  0.000000  0.000000  0.000000  0.000000  0.000000  0.000000  0.000000  0.000000  0.000000  0.000000  0.000000  0.000000  0.000000  0.000000  0.000000
 0.000000  0.000000  0.000000  0.000000  0.000000  0.000000  0.000000  0.000000  0.000000  0.000000  0.000000  0.000000  0.000000  0.000000  0.000000  0.000000  0.000000  0.000000  0.000000  0.000000  0.000000  0.000000  0.000000  0.000000  0.000000  0.000000
55.303727  0.000000  0.000000  0.000000 41.549379  0.000000  0.000000  0.000000 33.863335  0.000000  0.000000  0.000000 52.400422  0.000000  0.000000  0.000000 -7.851350 -2.774027 -2.774027 -4.977363 -4.977363 -5.132357 -5.132357 -7.840998 -3.107764 -3.107764
 0.000000  0.000000  0.000000  0.000000  0.000000  0.000000  0.000000  0.000000  0.000000  0.000000  0.000000  0.000000  0.000000  0.000000  0.000000  0.000000  0.000000  0.000000  0.000000  0.000000  0.000000  0.000000  0.000000  0.000000  0.000000  0.000000
 0.000000  0.000000  0.000000  0.000000  0.000000  0.000000  0.000000  0.000000  0.000000  0.000000  0.000000  0.000000  0.000000  0.000000  0.000000  0.000000  0.000000  0.000000  0.000000  0.000000  0.000000  0.000000  0.000000  0.000000  0.000000  0.000000
 0.000000  0.000000  0.000000  0.000000  0.000000  0.000000  0.000000  0.000000  0.000000  0.000000  0.000000  0.000000  0.000000  0.000000  0.000000  0.000000  0.000000  0.000000  0.000000  0.000000  0.000000  0.000000  0.000000  0.000000  0.000000  0.000000
71.005186  0.000000  0.000000  0.000000 55.303727  0.000000  0.000000  0.000000 52.400422  0.000000  0.000000  0.000000 61.491364  0.000000  0.000000  0.000000 -8.374581 -2.174783 -2.174783 -4.831179 -4.831179 -4.913357 -4.913357 -8.594544 -2.011106 -2.011106
 0.000000  0.000000  0.000000  0.000000  0.000000  0.000000  0.000000  0.000000  0.000000  0.000000  0.000000  0.000000  0.000000  0.000000  0.000000  0.000000  0.000000  0.000000  0.000000  0.000000  0.000000  0.000000  0.000000  0.000000  0.000000  0.000000
 0.000000  0.000000  0.000000  0.000000  0.000000  0.000000  0.000000  0.000000  0.000000  0.000000  0.000000  0.000000  0.000000  0.000000  0.000000  0.000000  0.000000  0.000000  0.000000  0.000000  0.000000  0.000000  0.000000  0.000000  0.000000  0.000000
 0.000000  0.000000  0.000000  0.000000  0.000000  0.000000  0.000000  0.000000  0.000000  0.000000  0.000000  0.000000  0.000000  0.000000  0.000000  0.000000  0.000000  0.000000  0.000000  0.000000  0.000000  0.000000  0.000000  0.000000  0.000000  0.000000
-8.594544  0.000000  0.000000  0.000000 -7.840998  0.000000  0.000000  0.000000 -7.851350  0.000000  0.000000  0.000000 -8.374581  0.000000  0.000000  0.000000 -1.274128 -1.377970 -1.377970 -1.139079 -1.139079 -1.143815 -1.143815 -0.986856 -1.357531 -1.357531
-2.011106  0.000000  0.000000  0.000000 -3.107764  0.000000  0.000000  0.000000 -2.774027  0.000000  0.000000  0.000000 -2.174783  0.000000  0.000000  0.000000 -1.377970 -1.972833 -0.873207 -1.461534 -0.981111 -1.275686 -1.070286 -1.357531 -1.235782 -1.132981
-2.011106  0.000000  0.000000  0.000000 -3.107764  0.000000  0.000000  0.000000 -2.774027  0.000000  0.000000  0.000000 -2.174783  0.000000  0.000000  0.000000 -1.377970 -0.873207 -1.972833 -0.981111 -1.461534 -1.070286 -1.275686 -1.357531 -1.132981 -1.235782
-4.913357  0.000000  0.000000  0.000000 -5.132357  0.000000  0.000000  0.000000 -4.977363  0.000000  0.000000  0.000000 -4.831179  0.000000  0.000000  0.000000 -1.139079 -1.461534 -0.981111 -1.693650 -0.953582 -1.353137 -0.969708 -1.143815 -1.275686 -1.070286
-4.913357  0.000000  0.000000  0.000000 -5.132357  0.000000  0.000000  0.000000 -4.977363  0.000000  0.000000  0.000000 -4.831179  0.000000  0.000000  0.000000 -1.139079 -0.981111 -1.461534 -0.953582 -1.693650 -0.969708 -1.353137 -1.143815 -1.070286 -1.275686
-4.831179  0.000000  0.000000  0.000000 -4.977363  0.000000  0.000000  0.000000 -5.132357  0.000000  0.000000  0.000000 -4.913357  0.000000  0.000000  0.000000 -1.143815 -1.275686 -1.070286 -1.353137 -0.969708 -1.693650 -0.953582 -1.139079 -1.461534 -0.981111
-4.831179  0.000000  0.000000  0.000000 -4.977363  0.000000  0.000000  0.000000 -5.132357  0.000000  0.000000  0.000000 -4.913357  0.000000  0.000000  0.000000 -1.143815 -1.070286 -1.275686 -0.969708 -1.353137 -0.953582 -1.693650 -1.139079 -0.981111 -1.461534
-8.374581  0.000000  0.000000  0.000000 -7.851350  0.000000  0.000000  0.000000 -7.840998  0.000000  0.000000  0.000000 -8.594544  0.000000  0.000000  0.000000 -0.986856 -1.357531 -1.357531 -1.143815 -1.143815 -1.139079 -1.139079 -1.274128 -1.377970 -1.377970
-2.174783  0.000000  0.000000  0.000000 -2.774027  0.000000  0.000000  0.000000 -3.107764  0.000000  0.000000  0.000000 -2.011106  0.000000  0.000000  0.000000 -1.357531 -1.235782 -1.132981 -1.275686 -1.070286 -1.461534 -0.981111 -1.377970 -1.972833 -0.873207
-2.174783  0.000000  0.000000  0.000000 -2.774027  0.000000  0.000000  0.000000 -3.107764  0.000000  0.000000  0.000000 -2.011106  0.000000  0.000000  0.000000 -1.357531 -1.132981 -1.235782 -1.070286 -1.275686 -0.981111 -1.461534 -1.377970 -0.873207 -1.972833
Suv_RA (A is the center of u)
s 00/dR_A is: x:+0.0000 y:+0.0000 z: +0.0000
s 01/dR_A is: x:+0.0000 y:+0.0000 z: +0.0000
s 02/dR_A is: x:+0.0000 y:+0.5357 z: +0.2307
s 03/dR_A is: x:+3.0800 y:+0.0000 z: +0.0000
s 04/dR_A is: x:+0.3147 y:+0.0000 z: +0.0000
s 05/dR_A is: x:+0.0401 y:+0.0000 z: +0.0000
s 06/dR_A is: x:+0.0000 y:+0.3307 z: +0.0000
s 07/dR_A is: x:+0.0000 y:+0.0000 z: +0.3307
s 08/dR_A is: x:+0.2139 y:+0.0000 z: +0.0000
s 09/dR_A is: x:-0.1912 y:+0.0000 z: +0.0000
s 010/dR_A is: x:+0.0000 y:+0.0986 z: +0.0000
s 011/dR_A is: x:+0.0000 y:+0.0000 z: +0.0986
s 012/dR_A is: x:+0.0654 y:+0.0000 z: +0.0000
s 013/dR_A is: x:-0.0857 y:+0.0000 z: +0.0000
s 014/dR_A is: x:+0.0000 y:+0.0185 z: +0.0000
s 015/dR_A is: x:+0.0000 y:+0.0000 z: +0.0185
s 016/dR_A is: x:-0.2873 y:+0.0000 z: +0.0000
s 017/dR_A is: x:+0.0000 y:+0.2873 z: +0.0000
s 018/dR_A is: x:+0.0000 y:-0.2873 z: +0.0000
s 019/dR_A is: x:+0.2584 y:+0.1829 z: +0.0000
s 020/dR_A is: x:+0.2584 y:-0.1829 z: +0.0000
s 021/dR_A is: x:+0.1599 y:+0.0566 z: +0.0000
s 022/dR_A is: x:+0.1599 y:-0.0566 z: +0.0000
s 023/dR_A is: x:+0.0198 y:+0.0000 z: +0.0000
s 024/dR_A is: x:+0.0510 y:+0.0120 z: +0.0000
s 025/dR_A is: x:+0.0510 y:-0.0120 z: +0.0000
s 10/dR_A is: x:+0.0000 y:+0.0000 z: +0.0000
s 11/dR_A is: x:+0.0000 y:+0.0000 z: +0.0000
s 12/dR_A is: x:+0.0000 y:+0.0000 z: +0.0000
s 13/dR_A is: x:+0.6835 y:+0.0000 z: +0.0000
s 14/dR_A is: x:-0.0401 y:+0.0000 z: +0.0000
s 15/dR_A is: x:+0.6107 y:+0.0000 z: +0.0000
s 16/dR_A is: x:+0.0000 y:+0.3862 z: +0.0000
s 17/dR_A is: x:+0.0000 y:+0.0000 z: +0.3862
s 18/dR_A is: x:+0.1912 y:+0.0000 z: +0.0000
s 19/dR_A is: x:-0.1032 y:+0.0000 z: +0.0000
s 110/dR_A is: x:+0.0000 y:+0.1418 z: +0.0000
s 111/dR_A is: x:+0.0000 y:+0.0000 z: +0.1418
s 112/dR_A is: x:+0.0857 y:+0.0000 z: +0.0000
s 113/dR_A is: x:-0.0968 y:+0.0000 z: +0.0000
s 114/dR_A is: x:+0.0000 y:+0.0302 z: +0.0000
s 115/dR_A is: x:+0.0000 y:+0.0000 z: +0.0302
s 116/dR_A is: x:-0.1556 y:+0.0000 z: +0.0000
s 117/dR_A is: x:-0.4732 y:+0.0000 z: +0.0000
s 118/dR_A is: x:-0.4732 y:+0.0000 z: +0.0000
s 119/dR_A is: x:+0.0146 y:+0.1966 z: +0.0000
s 120/dR_A is: x:+0.0146 y:-0.1966 z: +0.0000
s 121/dR_A is: x:+0.1391 y:+0.0746 z: +0.0000
s 122/dR_A is: x:+0.1391 y:-0.0746 z: +0.0000
s 123/dR_A is: x:+0.0282 y:+0.0000 z: +0.0000
s 124/dR_A is: x:+0.0612 y:+0.0178 z: +0.0000
s 125/dR_A is: x:+0.0612 y:-0.0178 z: +0.0000
s 20/dR_A is: x:+0.0000 y:+0.0000 z: +0.0000
s 21/dR_A is: x:+0.0000 y:+0.0000 z: +0.0000
s 22/dR_A is: x:+0.0000 y:+2.9412 z: +0.0000
s 23/dR_A is: x:+0.0000 y:+0.0000 z: +0.0000
s 24/dR_A is: x:+0.0000 y:-0.3307 z: +0.0000
s 25/dR_A is: x:+0.0000 y:+0.3862 z: +0.0000
s 26/dR_A is: x:+0.3862 y:+0.0000 z: +0.0000
s 27/dR_A is: x:+0.0000 y:+0.0000 z: +0.0000
s 28/dR_A is: x:+0.0000 y:-0.0986 z: +0.0000
s 29/dR_A is: x:+0.0000 y:+0.1418 z: +0.0000
s 210/dR_A is: x:+0.1418 y:+0.0000 z: +0.0000
s 211/dR_A is: x:+0.0000 y:+0.0000 z: +0.0000
s 212/dR_A is: x:+0.0000 y:-0.0185 z: +0.0000
s 213/dR_A is: x:+0.0000 y:+0.0302 z: +0.0000
s 214/dR_A is: x:+0.0302 y:+0.0000 z: +0.0000
s 215/dR_A is: x:+0.0000 y:+0.0000 z: +0.0000
s 216/dR_A is: x:+0.0000 y:-0.4732 z: +0.0000
s 217/dR_A is: x:+0.0000 y:-0.1556 z: +0.0000
s 218/dR_A is: x:+0.0000 y:-0.1556 z: +0.0000
s 219/dR_A is: x:+0.1966 y:-0.1240 z: +0.0000
s 220/dR_A is: x:-0.1966 y:-0.1240 z: +0.0000
s 221/dR_A is: x:+0.0746 y:-0.0453 z: +0.0000
s 222/dR_A is: x:-0.0746 y:-0.0453 z: +0.0000
s 223/dR_A is: x:+0.0000 y:-0.0044 z: +0.0000
s 224/dR_A is: x:+0.0178 y:-0.0103 z: +0.0000
s 225/dR_A is: x:-0.0178 y:-0.0103 z: +0.0000
s 30/dR_A is: x:+0.0000 y:+0.0000 z: +0.0000
s 31/dR_A is: x:+0.0000 y:+0.0000 z: +0.0000
s 32/dR_A is: x:+0.0000 y:+0.0000 z: +0.0000
s 33/dR_A is: x:+0.0000 y:+3.0800 z: +0.0000
s 34/dR_A is: x:+0.0000 y:+0.0000 z: -0.3307
s 35/dR_A is: x:+0.0000 y:+0.0000 z: +0.3862
s 36/dR_A is: x:+0.0000 y:+0.0000 z: +0.0000
s 37/dR_A is: x:+0.3862 y:+0.0000 z: +0.0000
s 38/dR_A is: x:+0.0000 y:+0.0000 z: -0.0986
s 39/dR_A is: x:+0.0000 y:+0.0000 z: +0.1418
s 310/dR_A is: x:+0.0000 y:+0.0000 z: +0.0000
s 311/dR_A is: x:+0.1418 y:+0.0000 z: +0.0000
s 312/dR_A is: x:+0.0000 y:+0.0000 z: -0.0185
s 313/dR_A is: x:+0.0000 y:+0.0000 z: +0.0302
s 314/dR_A is: x:+0.0000 y:+0.0000 z: +0.0000
s 315/dR_A is: x:+0.0302 y:+0.0000 z: +0.0000
s 316/dR_A is: x:+0.0000 y:+0.0000 z: -0.4732
s 317/dR_A is: x:+0.0000 y:+0.0000 z: -0.4732
s 318/dR_A is: x:+0.0000 y:+0.0000 z: -0.4732
s 319/dR_A is: x:+0.0000 y:+0.0000 z: -0.2631
s 320/dR_A is: x:+0.0000 y:+0.0000 z: -0.2631
s 321/dR_A is: x:+0.0000 y:+0.0000 z: -0.0717
s 322/dR_A is: x:+0.0000 y:+0.0000 z: -0.0717
s 323/dR_A is: x:+0.0000 y:+0.0000 z: -0.0044
s 324/dR_A is: x:+0.0000 y:+0.0000 z: -0.0145
s 325/dR_A is: x:+0.0000 y:+0.0000 z: -0.0145
s 40/dR_A is: x:-0.3147 y:+0.0000 z: +0.0000
s 41/dR_A is: x:+0.0401 y:+0.0000 z: +0.0000
s 42/dR_A is: x:+0.0000 y:+0.3307 z: +0.0000
s 43/dR_A is: x:+0.0000 y:+0.0000 z: +0.3307
s 44/dR_A is: x:+0.0000 y:+0.0000 z: +0.0000
s 45/dR_A is: x:+0.0000 y:+0.0000 z: +572.0492
s 46/dR_A is: x:+4.3570 y:+3.6337 z: +0.0000
s 47/dR_A is: x:-49.7949 y:-10.4314 z: +0.0000
s 48/dR_A is: x:+0.3147 y:+0.0000 z: +0.0000
s 49/dR_A is: x:+0.0401 y:+0.0000 z: +0.0000
s 410/dR_A is: x:+0.0000 y:+0.3307 z: +0.0000
s 411/dR_A is: x:+0.0000 y:+0.0000 z: +0.3307
s 412/dR_A is: x:+0.2139 y:+0.0000 z: +0.0000
s 413/dR_A is: x:-0.1912 y:+0.0000 z: +0.0000
s 414/dR_A is: x:+0.0000 y:+0.0986 z: +0.0000
s 415/dR_A is: x:+0.0000 y:+0.0000 z: +0.0986
s 416/dR_A is: x:-0.2444 y:+0.0000 z: +0.0000
s 417/dR_A is: x:-0.2584 y:+0.1829 z: +0.0000
s 418/dR_A is: x:-0.2584 y:-0.1829 z: +0.0000
s 419/dR_A is: x:+0.0000 y:+0.2873 z: +0.0000
s 420/dR_A is: x:+0.0000 y:-0.2873 z: +0.0000
s 421/dR_A is: x:+0.2584 y:+0.1829 z: +0.0000
s 422/dR_A is: x:+0.2584 y:-0.1829 z: +0.0000
s 423/dR_A is: x:+0.0868 y:+0.0000 z: +0.0000
s 424/dR_A is: x:+0.1599 y:+0.0566 z: +0.0000
s 425/dR_A is: x:+0.1599 y:-0.0566 z: +0.0000
s 50/dR_A is: x:-0.0401 y:+0.0000 z: +0.0000
s 51/dR_A is: x:-0.6107 y:+0.0000 z: +0.0000
s 52/dR_A is: x:+0.0000 y:-0.3862 z: +0.0000
s 53/dR_A is: x:+0.0000 y:+0.0000 z: -0.3862
s 54/dR_A is: x:+0.0000 y:+0.0000 z: +0.2223
s 55/dR_A is: x:-0.0000 y:-0.0000 z: +0.0000
s 56/dR_A is: x:+2.0000 y:+7.9537 z: +661.9603
s 57/dR_A is: x:+10.5478 y:+45.3797 z: -18.4222
s 58/dR_A is: x:-0.0401 y:+0.0000 z: +0.0000
s 59/dR_A is: x:+0.6107 y:+0.0000 z: +0.0000
s 510/dR_A is: x:+0.0000 y:+0.3862 z: +0.0000
s 511/dR_A is: x:+0.0000 y:+0.0000 z: +0.3862
s 512/dR_A is: x:+0.1912 y:+0.0000 z: +0.0000
s 513/dR_A is: x:-0.1032 y:+0.0000 z: +0.0000
s 514/dR_A is: x:+0.0000 y:+0.1418 z: +0.0000
s 515/dR_A is: x:+0.0000 y:+0.0000 z: +0.1418
s 516/dR_A is: x:+0.2032 y:+0.0000 z: +0.0000
s 517/dR_A is: x:+0.0146 y:-0.1966 z: +0.0000
s 518/dR_A is: x:+0.0146 y:+0.1966 z: +0.0000
s 519/dR_A is: x:-0.4732 y:+0.0000 z: +0.0000
s 520/dR_A is: x:-0.4732 y:-0.0000 z: +0.0000
s 521/dR_A is: x:+0.0146 y:+0.1966 z: +0.0000
s 522/dR_A is: x:+0.0146 y:-0.1966 z: +0.0000
s 523/dR_A is: x:+0.0991 y:+0.0000 z: +0.0000
s 524/dR_A is: x:+0.1391 y:+0.0746 z: +0.0000
s 525/dR_A is: x:+0.1391 y:-0.0746 z: +0.0000
s 60/dR_A is: x:+0.0000 y:-0.3307 z: +0.0000
s 61/dR_A is: x:+0.0000 y:-0.3862 z: +0.0000
s 62/dR_A is: x:-0.3862 y:+0.0000 z: +0.0000
s 63/dR_A is: x:+0.0000 y:+0.0000 z: +0.0000
s 64/dR_A is: x:+0.0000 y:+0.0000 z: +0.0000
s 65/dR_A is: x:-6.1733 y:+0.0000 z: +0.0000
s 66/dR_A is: x:+0.0000 y:-4.5228 z: -18.4222
s 67/dR_A is: x:+0.0000 y:-31.7117 z: +584.0014
s 68/dR_A is: x:+0.0000 y:-0.3307 z: +0.0000
s 69/dR_A is: x:+0.0000 y:+0.3862 z: +0.0000
s 610/dR_A is: x:+0.3862 y:+0.0000 z: +0.0000
s 611/dR_A is: x:+0.0000 y:+0.0000 z: +0.0000
s 612/dR_A is: x:+0.0000 y:-0.0986 z: +0.0000
s 613/dR_A is: x:+0.0000 y:+0.1418 z: +0.0000
s 614/dR_A is: x:+0.1418 y:+0.0000 z: +0.0000
s 615/dR_A is: x:+0.0000 y:+0.0000 z: +0.0000
s 616/dR_A is: x:+0.0000 y:-0.1344 z: +0.0000
s 617/dR_A is: x:-0.1966 y:-0.1240 z: +0.0000
s 618/dR_A is: x:+0.1966 y:-0.1240 z: +0.0000
s 619/dR_A is: x:+0.0000 y:-0.1556 z: +0.0000
s 620/dR_A is: x:-0.0000 y:-0.1556 z: +0.0000
s 621/dR_A is: x:+0.1966 y:-0.1240 z: +0.0000
s 622/dR_A is: x:-0.1966 y:-0.1240 z: +0.0000
s 623/dR_A is: x:+0.0000 y:-0.0277 z: +0.0000
s 624/dR_A is: x:+0.0746 y:-0.0453 z: +0.0000
s 625/dR_A is: x:-0.0746 y:-0.0453 z: +0.0000
s 70/dR_A is: x:+0.0000 y:+0.0000 z: -0.3307
s 71/dR_A is: x:+0.0000 y:+0.0000 z: -0.3862
s 72/dR_A is: x:+0.0000 y:+0.0000 z: +0.0000
s 73/dR_A is: x:-0.3862 y:+0.0000 z: +0.0000
s 74/dR_A is: x:+0.0000 y:+0.0000 z: +0.0000
s 75/dR_A is: x:+0.0000 y:-4.1536 z: -0.0000
s 76/dR_A is: x:+3.7940 y:-0.0000 z: +3.4494
s 77/dR_A is: x:-7.9537 y:-0.0000 z: +40.3852
s 78/dR_A is: x:+0.0000 y:+0.0000 z: -0.3307
s 79/dR_A is: x:+0.0000 y:+0.0000 z: +0.3862
s 710/dR_A is: x:+0.0000 y:+0.0000 z: +0.0000
s 711/dR_A is: x:+0.3862 y:+0.0000 z: +0.0000
s 712/dR_A is: x:+0.0000 y:+0.0000 z: -0.0986
s 713/dR_A is: x:+0.0000 y:+0.0000 z: +0.1418
s 714/dR_A is: x:+0.0000 y:+0.0000 z: +0.0000
s 715/dR_A is: x:+0.1418 y:+0.0000 z: +0.0000
s 716/dR_A is: x:+0.0000 y:+0.0000 z: -0.1344
s 717/dR_A is: x:+0.0000 y:+0.0000 z: -0.2631
s 718/dR_A is: x:+0.0000 y:+0.0000 z: -0.2631
s 719/dR_A is: x:+0.0000 y:+0.0000 z: -0.4732
s 720/dR_A is: x:+0.0000 y:+0.0000 z: -0.4732
s 721/dR_A is: x:+0.0000 y:+0.0000 z: -0.2631
s 722/dR_A is: x:+0.0000 y:+0.0000 z: -0.2631
s 723/dR_A is: x:+0.0000 y:+0.0000 z: -0.0277
s 724/dR_A is: x:+0.0000 y:+0.0000 z: -0.0717
s 725/dR_A is: x:+0.0000 y:+0.0000 z: -0.0717
s 80/dR_A is: x:-0.2139 y:+0.0000 z: +0.0000
s 81/dR_A is: x:-0.1912 y:+0.0000 z: +0.0000
s 82/dR_A is: x:+0.0000 y:+0.0986 z: +0.0000
s 83/dR_A is: x:+0.0000 y:+0.0000 z: +0.0986
s 84/dR_A is: x:-0.3147 y:+0.0000 z: +0.0000
s 85/dR_A is: x:+0.0401 y:+0.0000 z: +0.0000
s 86/dR_A is: x:+0.0000 y:+0.3307 z: +0.0000
s 87/dR_A is: x:+0.0000 y:+0.0000 z: +0.3307
s 88/dR_A is: x:-37.6783 y:+3.7139 z: -0.0000
s 89/dR_A is: x:-0.0000 y:-0.0000 z: +572.0492
s 810/dR_A is: x:-11.9476 y:+2.3310 z: -0.0972
s 811/dR_A is: x:+7.4000 y:+2.2304 z: +2.0352
s 812/dR_A is: x:+0.3147 y:+0.0000 z: +0.0000
s 813/dR_A is: x:+0.0401 y:+0.0000 z: +0.0000
s 814/dR_A is: x:+0.0000 y:+0.3307 z: +0.0000
s 815/dR_A is: x:+0.0000 y:+0.0000 z: +0.3307
s 816/dR_A is: x:-0.0868 y:+0.0000 z: +0.0000
s 817/dR_A is: x:-0.1599 y:+0.0566 z: +0.0000
s 818/dR_A is: x:-0.1599 y:-0.0566 z: +0.0000
s 819/dR_A is: x:-0.2584 y:+0.1829 z: +0.0000
s 820/dR_A is: x:-0.2584 y:-0.1829 z: +0.0000
s 821/dR_A is: x:+0.0000 y:+0.2873 z: +0.0000
s 822/dR_A is: x:+0.0000 y:-0.2873 z: +0.0000
s 823/dR_A is: x:+0.2444 y:+0.0000 z: +0.0000
s 824/dR_A is: x:+0.2584 y:+0.1829 z: +0.0000
s 825/dR_A is: x:+0.2584 y:-0.1829 z: +0.0000
s 90/dR_A is: x:+0.1912 y:+0.0000 z: +0.0000
s 91/dR_A is: x:+0.1032 y:+0.0000 z: +0.0000
s 92/dR_A is: x:+0.0000 y:-0.1418 z: +0.0000
s 93/dR_A is: x:+0.0000 y:+0.0000 z: -0.1418
s 94/dR_A is: x:-0.0401 y:+0.0000 z: +0.0000
s 95/dR_A is: x:-0.6107 y:+0.0000 z: +0.0000
s 96/dR_A is: x:+0.0000 y:-0.3862 z: +0.0000
s 97/dR_A is: x:+0.0000 y:+0.0000 z: -0.3862
s 98/dR_A is: x:-0.4814 y:-2.7000 z: -7.1220
s 99/dR_A is: x:+0.0000 y:-0.0000 z: -0.0972
s 910/dR_A is: x:+2.5374 y:-12.0447 z: +536.7328
s 911/dR_A is: x:-2.5039 y:-0.9383 z: -0.7030
s 912/dR_A is: x:-0.0401 y:+0.0000 z: +0.0000
s 913/dR_A is: x:+0.6107 y:+0.0000 z: +0.0000
s 914/dR_A is: x:+0.0000 y:+0.3862 z: +0.0000
s 915/dR_A is: x:+0.0000 y:+0.0000 z: +0.3862
s 916/dR_A is: x:+0.0991 y:+0.0000 z: +0.0000
s 917/dR_A is: x:+0.1391 y:-0.0746 z: +0.0000
s 918/dR_A is: x:+0.1391 y:+0.0746 z: +0.0000
s 919/dR_A is: x:+0.0146 y:-0.1966 z: +0.0000
s 920/dR_A is: x:+0.0146 y:+0.1966 z: +0.0000
s 921/dR_A is: x:-0.4732 y:+0.0000 z: +0.0000
s 922/dR_A is: x:-0.4732 y:-0.0000 z: +0.0000
s 923/dR_A is: x:+0.2032 y:+0.0000 z: +0.0000
s 924/dR_A is: x:+0.0146 y:+0.1966 z: +0.0000
s 925/dR_A is: x:+0.0146 y:-0.1966 z: +0.0000
s 100/dR_A is: x:+0.0000 y:-0.0986 z: +0.0000
s 101/dR_A is: x:+0.0000 y:-0.1418 z: +0.0000
s 102/dR_A is: x:-0.1418 y:+0.0000 z: +0.0000
s 103/dR_A is: x:+0.0000 y:+0.0000 z: +0.0000
s 104/dR_A is: x:+0.0000 y:-0.3307 z: +0.0000
s 105/dR_A is: x:+0.0000 y:-0.3862 z: +0.0000
s 106/dR_A is: x:-0.3862 y:+0.0000 z: +0.0000
s 107/dR_A is: x:+0.0000 y:+0.0000 z: +0.0000
s 108/dR_A is: x:-7.1220 y:+7.4185 z: +7.4185
s 109/dR_A is: x:+0.0972 y:-2.0352 z: +2.0352
s 1010/dR_A is: x:-10.4389 y:+1.1175 z: -0.7030
s 1011/dR_A is: x:+1.1175 y:-5.0384 z: +619.8632
s 1012/dR_A is: x:+0.0000 y:-0.3307 z: +0.0000
s 1013/dR_A is: x:+0.0000 y:+0.3862 z: +0.0000
s 1014/dR_A is: x:+0.3862 y:+0.0000 z: +0.0000
s 1015/dR_A is: x:+0.0000 y:+0.0000 z: +0.0000
s 1016/dR_A is: x:+0.0000 y:-0.0277 z: +0.0000
s 1017/dR_A is: x:-0.0746 y:-0.0453 z: +0.0000
s 1018/dR_A is: x:+0.0746 y:-0.0453 z: +0.0000
s 1019/dR_A is: x:-0.1966 y:-0.1240 z: +0.0000
s 1020/dR_A is: x:+0.1966 y:-0.1240 z: +0.0000
s 1021/dR_A is: x:+0.0000 y:-0.1556 z: +0.0000
s 1022/dR_A is: x:-0.0000 y:-0.1556 z: +0.0000
s 1023/dR_A is: x:+0.0000 y:-0.1344 z: +0.0000
s 1024/dR_A is: x:+0.1966 y:-0.1240 z: +0.0000
s 1025/dR_A is: x:-0.1966 y:-0.1240 z: +0.0000
s 110/dR_A is: x:+0.0000 y:+0.0000 z: -0.0986
s 111/dR_A is: x:+0.0000 y:+0.0000 z: -0.1418
s 112/dR_A is: x:+0.0000 y:+0.0000 z: +0.0000
s 113/dR_A is: x:-0.1418 y:+0.0000 z: +0.0000
s 114/dR_A is: x:+0.0000 y:+0.0000 z: -0.3307
s 115/dR_A is: x:+0.0000 y:+0.0000 z: -0.3862
s 116/dR_A is: x:+0.0000 y:+0.0000 z: +0.0000
s 117/dR_A is: x:-0.3862 y:+0.0000 z: +0.0000
s 118/dR_A is: x:-9.5409 y:-9.5409 z: +4.2800
s 119/dR_A is: x:-1.7635 y:+1.7635 z: +0.0000
s 1110/dR_A is: x:-6.5879 y:-3.8755 z: +1.3000
s 1111/dR_A is: x:-2.4879 y:-0.5499 z: -2.2692
s 1112/dR_A is: x:+0.0000 y:+0.0000 z: -0.3307
s 1113/dR_A is: x:+0.0000 y:+0.0000 z: +0.3862
s 1114/dR_A is: x:+0.0000 y:+0.0000 z: +0.0000
s 1115/dR_A is: x:+0.3862 y:+0.0000 z: +0.0000
s 1116/dR_A is: x:+0.0000 y:+0.0000 z: -0.0277
s 1117/dR_A is: x:+0.0000 y:+0.0000 z: -0.0717
s 1118/dR_A is: x:+0.0000 y:+0.0000 z: -0.0717
s 1119/dR_A is: x:+0.0000 y:+0.0000 z: -0.2631
s 1120/dR_A is: x:+0.0000 y:+0.0000 z: -0.2631
s 1121/dR_A is: x:+0.0000 y:+0.0000 z: -0.4732
s 1122/dR_A is: x:+0.0000 y:+0.0000 z: -0.4732
s 1123/dR_A is: x:+0.0000 y:+0.0000 z: -0.1344
s 1124/dR_A is: x:+0.0000 y:+0.0000 z: -0.2631
s 1125/dR_A is: x:+0.0000 y:+0.0000 z: -0.2631
s 120/dR_A is: x:-0.0654 y:+0.0000 z: +0.0000
s 121/dR_A is: x:-0.0857 y:+0.0000 z: +0.0000
s 122/dR_A is: x:+0.0000 y:+0.0185 z: +0.0000
s 123/dR_A is: x:+0.0000 y:+0.0000 z: +0.0185
s 124/dR_A is: x:-0.2139 y:+0.0000 z: +0.0000
s 125/dR_A is: x:-0.1912 y:+0.0000 z: +0.0000
s 126/dR_A is: x:+0.0000 y:+0.0986 z: +0.0000
s 127/dR_A is: x:+0.0000 y:+0.0000 z: +0.0986
s 128/dR_A is: x:-0.3147 y:+0.0000 z: +0.0000
s 129/dR_A is: x:+0.0401 y:+0.0000 z: +0.0000
s 1210/dR_A is: x:+0.0000 y:+0.3307 z: +0.0000
s 1211/dR_A is: x:+0.0000 y:+0.0000 z: +0.3307
s 1212/dR_A is: x:-12.0447 y:-12.0447 z: -11.9476
s 1213/dR_A is: x:+0.0000 y:+0.2223 z: +0.0000
s 1214/dR_A is: x:+0.0000 y:+0.0000 z: +0.0000
s 1215/dR_A is: x:+0.0000 y:+0.0000 z: +0.0000
s 1216/dR_A is: x:-0.0198 y:+0.0000 z: +0.0000
s 1217/dR_A is: x:-0.0510 y:+0.0120 z: +0.0000
s 1218/dR_A is: x:-0.0510 y:-0.0120 z: +0.0000
s 1219/dR_A is: x:-0.1599 y:+0.0566 z: +0.0000
s 1220/dR_A is: x:-0.1599 y:-0.0566 z: +0.0000
s 1221/dR_A is: x:-0.2584 y:+0.1829 z: +0.0000
s 1222/dR_A is: x:-0.2584 y:-0.1829 z: +0.0000
s 1223/dR_A is: x:+0.2873 y:+0.0000 z: +0.0000
s 1224/dR_A is: x:-0.0000 y:+0.2873 z: +0.0000
s 1225/dR_A is: x:-0.0000 y:-0.2873 z: +0.0000
s 130/dR_A is: x:+0.0857 y:+0.0000 z: +0.0000
s 131/dR_A is: x:+0.0968 y:+0.0000 z: +0.0000
s 132/dR_A is: x:+0.0000 y:-0.0302 z: +0.0000
s 133/dR_A is: x:+0.0000 y:+0.0000 z: -0.0302
s 134/dR_A is: x:+0.1912 y:+0.0000 z: +0.0000
s 135/dR_A is: x:+0.1032 y:+0.0000 z: +0.0000
s 136/dR_A is: x:+0.0000 y:-0.1418 z: +0.0000
s 137/dR_A is: x:+0.0000 y:+0.0000 z: -0.1418
s 138/dR_A is: x:-0.0401 y:+0.0000 z: +0.0000
s 139/dR_A is: x:-0.6107 y:+0.0000 z: +0.0000
s 1310/dR_A is: x:+0.0000 y:-0.3862 z: +0.0000
s 1311/dR_A is: x:+0.0000 y:+0.0000 z: -0.3862
s 1312/dR_A is: x:-2.3310 y:-0.0972 z: +2.5374
s 1313/dR_A is: x:+0.0000 y:+0.0000 z: +0.0000
s 1314/dR_A is: x:+0.0000 y:+0.0000 z: +0.0000
s 1315/dR_A is: x:+0.6239 y:+0.0000 z: +0.0000
s 1316/dR_A is: x:+0.0282 y:+0.0000 z: +0.0000
s 1317/dR_A is: x:+0.0612 y:-0.0178 z: +0.0000
s 1318/dR_A is: x:+0.0612 y:+0.0178 z: +0.0000
s 1319/dR_A is: x:+0.1391 y:-0.0746 z: +0.0000
s 1320/dR_A is: x:+0.1391 y:+0.0746 z: +0.0000
s 1321/dR_A is: x:+0.0146 y:-0.1966 z: +0.0000
s 1322/dR_A is: x:+0.0146 y:+0.1966 z: +0.0000
s 1323/dR_A is: x:-0.1556 y:+0.0000 z: +0.0000
s 1324/dR_A is: x:-0.4732 y:-0.0000 z: +0.0000
s 1325/dR_A is: x:-0.4732 y:+0.0000 z: +0.0000
s 140/dR_A is: x:+0.0000 y:-0.0185 z: +0.0000
s 141/dR_A is: x:+0.0000 y:-0.0302 z: +0.0000
s 142/dR_A is: x:-0.0302 y:+0.0000 z: +0.0000
s 143/dR_A is: x:+0.0000 y:+0.0000 z: +0.0000
s 144/dR_A is: x:+0.0000 y:-0.0986 z: +0.0000
s 145/dR_A is: x:+0.0000 y:-0.1418 z: +0.0000
s 146/dR_A is: x:-0.1418 y:+0.0000 z: +0.0000
s 147/dR_A is: x:+0.0000 y:+0.0000 z: +0.0000
s 148/dR_A is: x:+0.0000 y:-0.3307 z: +0.0000
s 149/dR_A is: x:+0.0000 y:-0.3862 z: +0.0000
s 1410/dR_A is: x:-0.3862 y:+0.0000 z: +0.0000
s 1411/dR_A is: x:+0.0000 y:+0.0000 z: +0.0000
s 1412/dR_A is: x:+10.6054 y:-4.7216 z: -2.1015
s 1413/dR_A is: x:+0.0000 y:+0.0000 z: +0.0000
s 1414/dR_A is: x:+0.0000 y:+0.0000 z: +0.0000
s 1415/dR_A is: x:+0.0000 y:+0.0000 z: +0.0000
s 1416/dR_A is: x:+0.0000 y:-0.0044 z: +0.0000
s 1417/dR_A is: x:-0.0178 y:-0.0103 z: +0.0000
s 1418/dR_A is: x:+0.0178 y:-0.0103 z: +0.0000
s 1419/dR_A is: x:-0.0746 y:-0.0453 z: +0.0000
s 1420/dR_A is: x:+0.0746 y:-0.0453 z: +0.0000
s 1421/dR_A is: x:-0.1966 y:-0.1240 z: +0.0000
s 1422/dR_A is: x:+0.1966 y:-0.1240 z: +0.0000
s 1423/dR_A is: x:+0.0000 y:-0.4732 z: +0.0000
s 1424/dR_A is: x:-0.0000 y:-0.1556 z: +0.0000
s 1425/dR_A is: x:+0.0000 y:-0.1556 z: +0.0000
s 150/dR_A is: x:+0.0000 y:+0.0000 z: -0.0185
s 151/dR_A is: x:+0.0000 y:+0.0000 z: -0.0302
s 152/dR_A is: x:+0.0000 y:+0.0000 z: +0.0000
s 153/dR_A is: x:-0.0302 y:+0.0000 z: +0.0000
s 154/dR_A is: x:+0.0000 y:+0.0000 z: -0.0986
s 155/dR_A is: x:+0.0000 y:+0.0000 z: -0.1418
s 156/dR_A is: x:+0.0000 y:+0.0000 z: +0.0000
s 157/dR_A is: x:-0.1418 y:+0.0000 z: +0.0000
s 158/dR_A is: x:+0.0000 y:+0.0000 z: -0.3307
s 159/dR_A is: x:+0.0000 y:+0.0000 z: -0.3862
s 1510/dR_A is: x:+0.0000 y:+0.0000 z: +0.0000
s 1511/dR_A is: x:-0.3862 y:+0.0000 z: +0.0000
s 1512/dR_A is: x:-7.1220 y:-30.2810 z: -10.0427
s 1513/dR_A is: x:+0.0000 y:+0.0000 z: +0.0000
s 1514/dR_A is: x:+0.0000 y:+0.0000 z: +0.0000
s 1515/dR_A is: x:+0.0000 y:+0.0000 z: +0.8858
s 1516/dR_A is: x:+0.0000 y:+0.0000 z: -0.0044
s 1517/dR_A is: x:+0.0000 y:+0.0000 z: -0.0145
s 1518/dR_A is: x:+0.0000 y:+0.0000 z: -0.0145
s 1519/dR_A is: x:+0.0000 y:+0.0000 z: -0.0717
s 1520/dR_A is: x:+0.0000 y:+0.0000 z: -0.0717
s 1521/dR_A is: x:+0.0000 y:+0.0000 z: -0.2631
s 1522/dR_A is: x:+0.0000 y:+0.0000 z: -0.2631
s 1523/dR_A is: x:+0.0000 y:+0.0000 z: -0.4732
s 1524/dR_A is: x:+0.0000 y:+0.0000 z: -0.4732
s 1525/dR_A is: x:+0.0000 y:+0.0000 z: -0.4732
s 160/dR_A is: x:+0.2873 y:+0.0000 z: +0.0000
s 161/dR_A is: x:+0.1556 y:+0.0000 z: +0.0000
s 162/dR_A is: x:+0.0000 y:+0.4732 z: +0.0000
s 163/dR_A is: x:+0.0000 y:+0.0000 z: +0.4732
s 164/dR_A is: x:+0.2444 y:+0.0000 z: +0.0000
s 165/dR_A is: x:-0.2032 y:+0.0000 z: +0.0000
s 166/dR_A is: x:+0.0000 y:+0.1344 z: +0.0000
s 167/dR_A is: x:+0.0000 y:+0.0000 z: +0.1344
s 168/dR_A is: x:+0.0868 y:+0.0000 z: +0.0000
s 169/dR_A is: x:-0.0991 y:+0.0000 z: +0.0000
s 1610/dR_A is: x:+0.0000 y:+0.0277 z: +0.0000
s 1611/dR_A is: x:+0.0000 y:+0.0000 z: +0.0277
s 1612/dR_A is: x:+0.0198 y:+0.0000 z: +0.0000
s 1613/dR_A is: x:-0.0282 y:+0.0000 z: +0.0000
s 1614/dR_A is: x:+0.0000 y:+0.0044 z: +0.0000
s 1615/dR_A is: x:+0.0000 y:+0.0000 z: +0.0044
s 1616/dR_A is: x:+0.0000 y:+0.6835 z: +0.0000
s 1617/dR_A is: x:+0.2410 y:+0.2410 z: +0.0000
s 1618/dR_A is: x:+0.2410 y:-0.2410 z: +0.0000
s 1619/dR_A is: x:+0.1784 y:+0.0739 z: +0.0000
s 1620/dR_A is: x:+0.1784 y:-0.0739 z: +0.0000
s 1621/dR_A is: x:+0.0670 y:+0.0175 z: +0.0000
s 1622/dR_A is: x:+0.0670 y:-0.0175 z: +0.0000
s 1623/dR_A is: x:+0.0060 y:+0.0000 z: +0.0000
s 1624/dR_A is: x:+0.0173 y:+0.0033 z: +0.0000
s 1625/dR_A is: x:+0.0173 y:-0.0033 z: +0.0000
s 170/dR_A is: x:+0.0000 y:-0.2873 z: +0.0000
s 171/dR_A is: x:+0.4732 y:+0.0000 z: +0.0000
s 172/dR_A is: x:+0.0000 y:+0.1556 z: +0.0000
s 173/dR_A is: x:+0.0000 y:+0.0000 z: +0.4732
s 174/dR_A is: x:+0.2584 y:-0.1829 z: +0.0000
s 175/dR_A is: x:-0.0146 y:+0.1966 z: +0.0000
s 176/dR_A is: x:+0.1966 y:+0.1240 z: +0.0000
s 177/dR_A is: x:+0.0000 y:+0.0000 z: +0.2631
s 178/dR_A is: x:+0.1599 y:-0.0566 z: +0.0000
s 179/dR_A is: x:-0.1391 y:+0.0746 z: +0.0000
s 1710/dR_A is: x:+0.0746 y:+0.0453 z: +0.0000
s 1711/dR_A is: x:+0.0000 y:+0.0000 z: +0.0717
s 1712/dR_A is: x:+0.0510 y:-0.0120 z: +0.0000
s 1713/dR_A is: x:-0.0612 y:+0.0178 z: +0.0000
s 1714/dR_A is: x:+0.0178 y:+0.0103 z: +0.0000
s 1715/dR_A is: x:+0.0000 y:+0.0000 z: +0.0145
s 1716/dR_A is: x:-0.2410 y:-0.2410 z: +0.0000
s 1717/dR_A is: x:+0.0000 y:+0.0000 z: +0.0000
s 1718/dR_A is: x:+0.0000 y:-0.2773 z: +0.0000
s 1719/dR_A is: x:+0.3409 y:+0.0000 z: +0.0000
s 1720/dR_A is: x:+0.1238 y:-0.1753 z: +0.0000
s 1721/dR_A is: x:+0.1669 y:+0.0000 z: +0.0000
s 1722/dR_A is: x:+0.0849 y:-0.0601 z: +0.0000
s 1723/dR_A is: x:+0.0173 y:-0.0033 z: +0.0000
s 1724/dR_A is: x:+0.0537 y:+0.0000 z: +0.0000
s 1725/dR_A is: x:+0.0316 y:-0.0149 z: +0.0000
s 180/dR_A is: x:+0.0000 y:+0.2873 z: +0.0000
s 181/dR_A is: x:+0.4732 y:+0.0000 z: +0.0000
s 182/dR_A is: x:+0.0000 y:+0.1556 z: +0.0000
s 183/dR_A is: x:+0.0000 y:+0.0000 z: +0.4732
s 184/dR_A is: x:+0.2584 y:+0.1829 z: +0.0000
s 185/dR_A is: x:-0.0146 y:-0.1966 z: +0.0000
s 186/dR_A is: x:-0.1966 y:+0.1240 z: +0.0000
s 187/dR_A is: x:+0.0000 y:+0.0000 z: +0.2631
s 188/dR_A is: x:+0.1599 y:+0.0566 z: +0.0000
s 189/dR_A is: x:-0.1391 y:-0.0746 z: +0.0000
s 1810/dR_A is: x:-0.0746 y:+0.0453 z: +0.0000
s 1811/dR_A is: x:+0.0000 y:+0.0000 z: +0.0717
s 1812/dR_A is: x:+0.0510 y:+0.0120 z: +0.0000
s 1813/dR_A is: x:-0.0612 y:-0.0178 z: +0.0000
s 1814/dR_A is: x:-0.0178 y:+0.0103 z: +0.0000
s 1815/dR_A is: x:+0.0000 y:+0.0000 z: +0.0145
s 1816/dR_A is: x:-0.2410 y:+0.2410 z: +0.0000
s 1817/dR_A is: x:+0.0000 y:+0.2773 z: +0.0000
s 1818/dR_A is: x:+0.0000 y:+0.0000 z: +0.0000
s 1819/dR_A is: x:+0.1238 y:+0.1753 z: +0.0000
s 1820/dR_A is: x:+0.3409 y:+0.0000 z: +0.0000
s 1821/dR_A is: x:+0.0849 y:+0.0601 z: +0.0000
s 1822/dR_A is: x:+0.1669 y:+0.0000 z: +0.0000
s 1823/dR_A is: x:+0.0173 y:+0.0033 z: +0.0000
s 1824/dR_A is: x:+0.0316 y:+0.0149 z: +0.0000
s 1825/dR_A is: x:+0.0537 y:+0.0000 z: +0.0000
s 190/dR_A is: x:-0.2584 y:-0.1829 z: +0.0000
s 191/dR_A is: x:-0.0146 y:-0.1966 z: +0.0000
s 192/dR_A is: x:-0.1966 y:+0.1240 z: +0.0000
s 193/dR_A is: x:+0.0000 y:+0.0000 z: +0.2631
s 194/dR_A is: x:+0.0000 y:-0.2873 z: +0.0000
s 195/dR_A is: x:+0.4732 y:-0.0000 z: +0.0000
s 196/dR_A is: x:+0.0000 y:+0.1556 z: +0.0000
s 197/dR_A is: x:+0.0000 y:+0.0000 z: +0.4732
s 198/dR_A is: x:+0.2584 y:-0.1829 z: +0.0000
s 199/dR_A is: x:-0.0146 y:+0.1966 z: +0.0000
s 1910/dR_A is: x:+0.1966 y:+0.1240 z: +0.0000
s 1911/dR_A is: x:+0.0000 y:+0.0000 z: +0.2631
s 1912/dR_A is: x:+0.1599 y:-0.0566 z: +0.0000
s 1913/dR_A is: x:-0.1391 y:+0.0746 z: +0.0000
s 1914/dR_A is: x:+0.0746 y:+0.0453 z: +0.0000
s 1915/dR_A is: x:+0.0000 y:+0.0000 z: +0.0717
s 1916/dR_A is: x:-0.1784 y:-0.0739 z: +0.0000
s 1917/dR_A is: x:-0.3409 y:+0.0000 z: +0.0000
s 1918/dR_A is: x:-0.1238 y:-0.1753 z: +0.0000
s 1919/dR_A is: x:+0.0000 y:+0.0000 z: +0.0000
s 1920/dR_A is: x:-0.0000 y:-0.2773 z: +0.0000
s 1921/dR_A is: x:+0.3409 y:+0.0000 z: +0.0000
s 1922/dR_A is: x:+0.1238 y:-0.1753 z: +0.0000
s 1923/dR_A is: x:+0.0670 y:-0.0175 z: +0.0000
s 1924/dR_A is: x:+0.1669 y:+0.0000 z: +0.0000
s 1925/dR_A is: x:+0.0849 y:-0.0601 z: +0.0000
s 200/dR_A is: x:-0.2584 y:+0.1829 z: +0.0000
s 201/dR_A is: x:-0.0146 y:+0.1966 z: +0.0000
s 202/dR_A is: x:+0.1966 y:+0.1240 z: +0.0000
s 203/dR_A is: x:+0.0000 y:+0.0000 z: +0.2631
s 204/dR_A is: x:+0.0000 y:+0.2873 z: +0.0000
s 205/dR_A is: x:+0.4732 y:+0.0000 z: +0.0000
s 206/dR_A is: x:-0.0000 y:+0.1556 z: +0.0000
s 207/dR_A is: x:+0.0000 y:+0.0000 z: +0.4732
s 208/dR_A is: x:+0.2584 y:+0.1829 z: +0.0000
s 209/dR_A is: x:-0.0146 y:-0.1966 z: +0.0000
s 2010/dR_A is: x:-0.1966 y:+0.1240 z: +0.0000
s 2011/dR_A is: x:+0.0000 y:+0.0000 z: +0.2631
