Loaded molecule: ../sample_input/C6H6.txt
Number of atoms: 12
Alpha electrons: 15, Beta electrons: 15
[CNDO/S] Using overlap matrix (S ≠ I)
Modified parameters for H:
  Beta: 11.7 (original: 9)
  I+A/2: 5.7408 (original: 7.176)
Starting SCF iterations with overlap...
WARNING: SCF did not converge after 500 iterations.

Energy Results:
-------------------------------
Nuclear Repulsion Energy: 5283.403724 eV
Electronic Energy: 15636.108195 eV
Total Energy: 20919.511919 eV
-------------------------------
x
-489.443160   89.443374   -0.000000    0.000000  478.292685  -47.928519  -62.490720    0.000000 -480.254034  -43.730402   66.750256   -0.000000  484.483622   90.811412   -0.000000   -0.000000 -480.254034  -43.730402  -66.750256    0.000000  478.292685  -47.928519   62.490720    0.000000   34.493237  -34.661177   33.737765  -38.001654   33.737765  -34.661177
  89.443374  -60.964930    0.000000    0.000000  -78.157598   28.358998   -2.132032    0.000000   79.745242    2.951933   -6.146784   -0.000000  -90.811412  -24.985853   -0.000000    0.000000   79.745242    2.951933    6.146784   -0.000000  -78.157598   28.358998    2.132032    0.000000  -35.747334   12.786198   -2.240720    5.506932   -2.240720   12.786198
  -0.000000    0.000000  -63.481305   -0.000000   -9.950150  -10.824209   33.598339    0.000000   -4.502804   -7.144989   -2.536336    0.000000    0.000000   -0.000000    3.772185   -0.000000    4.502804    7.144989   -2.536336   -0.000000    9.950150   10.824209   33.598339    0.000000    0.000000   14.592422   -8.082360    0.000000    8.082360  -14.592422
   0.000000    0.000000   -0.000000  -29.081040   -0.000000   -0.000000    0.000000  -16.950552    0.000000   -0.000000   -0.000000    7.317696   -0.000000    0.000000    0.000000   19.449293    0.000000   -0.000000   -0.000000    7.317696   -0.000000    0.000000    0.000000  -16.950552   -0.000000    0.000000   -0.000000   -0.000000    0.000000   -0.000000
 478.292685  -78.157598   -9.950150   -0.000000 -490.100139   44.909176   77.314612   -0.000000  478.615096   30.481110  -72.538473   -0.000000 -480.254034  -79.745242   -4.502804    0.000000  485.151633   45.534825   78.720869   -0.000000 -480.590593   36.216278  -71.251810   -0.000000  -34.662783   34.462309  -34.603844   33.737792  -38.135349   33.845848
 -47.928519   28.358998  -10.824209   -0.000000   44.909176  -65.573863    2.241504   -0.000000  -30.481110   40.208477    5.164406    0.000000   43.730402    2.951933    7.144989   -0.000000  -45.534825   -0.757806  -13.625683    0.000000   36.216278   -9.305482   -1.262227   -0.000000   20.721743  -18.234727   -7.574035    7.544947    2.425942   -9.465031
 -62.490720   -2.132032   33.598339    0.000000   77.314612    2.241504  -60.717046    0.000000  -72.538473   -5.164406   22.580480   -0.000000   66.750256    6.146784   -2.536336    0.000000  -78.720869  -13.625683  -18.646631   -0.000000   71.251810    1.262227    8.734249   -0.000000    2.795807  -29.606033   17.988378   -6.941617    6.109524    1.730031
   0.000000    0.000000    0.000000  -16.950552   -0.000000   -0.000000    0.000000  -29.085877   -0.000000    0.000000    0.000000  -16.950212   -0.000000   -0.000000   -0.000000    7.317696    0.000000   -0.000000    0.000000   19.451912    0.000000   -0.000000    0.000000    7.316247    0.000000    0.000000   -0.000000    0.000000    0.000000    0.000000
-480.254034   79.745242   -4.502804    0.000000  478.615096  -30.481110  -72.538473   -0.000000 -490.100139  -44.909176   77.314612   -0.000000  478.292685   78.157598   -9.950150    0.000000 -480.590593  -36.216278  -71.251810   -0.000000  485.151633  -45.534825   78.720869    0.000000   33.737792  -34.603844   34.462309  -34.662783   33.845848  -38.135349
 -43.730402    2.951933   -7.144989   -0.000000   30.481110   40.208477   -5.164406    0.000000  -44.909176  -65.573863   -2.241504   -0.000000   47.928519   28.358998   10.824209    0.000000  -36.216278   -9.305482    1.262227    0.000000   45.534825   -0.757806   13.625683   -0.000000   -7.544947    7.574035   18.234727  -20.721743    9.465031   -2.425942
  66.750256   -6.146784   -2.536336   -0.000000  -72.538473    5.164406   22.580480    0.000000   77.314612   -2.241504  -60.717046    0.000000  -62.490720    2.132032   33.598339   -0.000000   71.251810   -1.262227    8.734249    0.000000  -78.720869   13.625683  -18.646631    0.000000   -6.941617   17.988378  -29.606033    2.795807    1.730031    6.109524
  -0.000000   -0.000000    0.000000    7.317696   -0.000000    0.000000   -0.000000  -16.950212   -0.000000   -0.000000    0.000000  -29.085877   -0.000000    0.000000    0.000000  -16.950552   -0.000000    0.000000    0.000000    7.316247    0.000000    0.000000   -0.000000   19.451912   -0.000000   -0.000000    0.000000   -0.000000   -0.000000    0.000000
 484.483622  -90.811412    0.000000   -0.000000 -480.254034   43.730402   66.750256   -0.000000  478.292685   47.928519  -62.490720   -0.000000 -489.443160  -89.443374    0.000000    0.000000  478.292685   47.928519   62.490720    0.000000 -480.254034   43.730402  -66.750256   -0.000000  -38.001654   33.737765  -34.661177   34.493237  -34.661177   33.737765
  90.811412  -24.985853   -0.000000    0.000000  -79.745242    2.951933    6.146784   -0.000000   78.157598   28.358998    2.132032    0.000000  -89.443374  -60.964930    0.000000    0.000000   78.157598   28.358998   -2.132032   -0.000000  -79.745242    2.951933   -6.146784   -0.000000   -5.506932    2.240720  -12.786198   35.747334  -12.786198    2.240720
  -0.000000   -0.000000    3.772185    0.000000   -4.502804    7.144989   -2.536336   -0.000000   -9.950150   10.824209   33.598339    0.000000    0.000000    0.000000  -63.481305    0.000000    9.950150  -10.824209   33.598339   -0.000000    4.502804   -7.144989   -2.536336   -0.000000   -0.000000   -8.082360   14.592422   -0.000000  -14.592422    8.082360
  -0.000000    0.000000   -0.000000   19.449293    0.000000   -0.000000    0.000000    7.317696    0.000000    0.000000   -0.000000  -16.950552    0.000000    0.000000    0.000000  -29.081040   -0.000000   -0.000000   -0.000000  -16.950552   -0.000000   -0.000000    0.000000    7.317696    0.000000    0.000000   -0.000000    0.000000    0.000000   -0.000000
-480.254034   79.745242    4.502804    0.000000  485.151633  -45.534825  -78.720869    0.000000 -480.590593  -36.216278   71.251810   -0.000000  478.292685   78.157598    9.950150   -0.000000 -490.100139  -44.909176  -77.314612   -0.000000  478.615096  -30.481110   72.538473   -0.000000   33.737792  -38.135349   33.845848  -34.662783   34.462309  -34.603844
 -43.730402    2.951933    7.144989   -0.000000   45.534825   -0.757806  -13.625683   -0.000000  -36.216278   -9.305482   -1.262227    0.000000   47.928519   28.358998  -10.824209   -0.000000  -44.909176  -65.573863    2.241504   -0.000000   30.481110   40.208477    5.164406    0.000000   -7.544947   -2.425942    9.465031  -20.721743   18.234727    7.574035
 -66.750256    6.146784   -2.536336   -0.000000   78.720869  -13.625683  -18.646631    0.000000  -71.251810    1.262227    8.734249    0.000000   62.490720   -2.132032   33.598339   -0.000000  -77.314612    2.241504  -60.717046    0.000000   72.538473   -5.164406   22.580480    0.000000    6.941617   -6.109524   -1.730031   -2.795807   29.606033  -17.988378
   0.000000   -0.000000   -0.000000    7.317696   -0.000000    0.000000   -0.000000   19.451912   -0.000000    0.000000    0.000000    7.316247    0.000000   -0.000000   -0.000000  -16.950552   -0.000000   -0.000000    0.000000  -29.085877    0.000000   -0.000000   -0.000000  -16.950212   -0.000000    0.000000    0.000000   -0.000000   -0.000000    0.000000
 478.292685  -78.157598    9.950150   -0.000000 -480.590593   36.216278   71.251810    0.000000  485.151633   45.534825  -78.720869    0.000000 -480.254034  -79.745242    4.502804   -0.000000  478.615096   30.481110   72.538473    0.000000 -490.100139   44.909176  -77.314612   -0.000000  -34.662783   33.845848  -38.135349   33.737792  -34.603844   34.462309
 -47.928519   28.358998   10.824209    0.000000   36.216278   -9.305482    1.262227   -0.000000  -45.534825   -0.757806   13.625683    0.000000   43.730402    2.951933   -7.144989   -0.000000  -30.481110   40.208477   -5.164406   -0.000000   44.909176  -65.573863   -2.241504   -0.000000   20.721743   -9.465031    2.425942    7.544947   -7.574035  -18.234727
  62.490720    2.132032   33.598339    0.000000  -71.251810   -1.262227    8.734249    0.000000   78.720869   13.625683  -18.646631   -0.000000  -66.750256   -6.146784   -2.536336    0.000000   72.538473    5.164406   22.580480   -0.000000  -77.314612   -2.241504  -60.717046   -0.000000   -2.795807   -1.730031   -6.109524    6.941617  -17.988378   29.606033
   0.000000    0.000000    0.000000  -16.950552   -0.000000   -0.000000   -0.000000    7.316247    0.000000   -0.000000    0.000000   19.451912   -0.000000   -0.000000   -0.000000    7.317696   -0.000000    0.000000    0.000000  -16.950212   -0.000000   -0.000000   -0.000000  -29.085877   -0.000000   -0.000000    0.000000    0.000000   -0.000000    0.000000
  34.493237  -35.747334    0.000000   -0.000000  -34.662783   20.721743    2.795807    0.000000   33.737792   -7.544947   -6.941617   -0.000000  -38.001654   -5.506932   -0.000000    0.000000   33.737792   -7.544947    6.941617   -0.000000  -34.662783   20.721743   -2.795807   -0.000000  -22.490790    9.364962   -0.235953   -2.069567   -0.235953    9.364962
 -34.661177   12.786198   14.592422    0.000000   34.462309  -18.234727  -29.606033    0.000000  -34.603844    7.574035   17.988378   -0.000000   33.737765    2.240720   -8.082360    0.000000  -38.135349   -2.425942   -6.109524    0.000000   33.845848   -9.465031   -1.730031   -0.000000    9.364962  -21.645296    8.518073   -0.235953   -1.226821   -1.080155
  33.737765   -2.240720   -8.082360   -0.000000  -34.603844   -7.574035   17.988378   -0.000000   34.462309   18.234727  -29.606033    0.000000  -34.661177  -12.786198   14.592422   -0.000000   33.845848    9.465031   -1.730031    0.000000  -38.135349    2.425942   -6.109524    0.000000   -0.235953    8.518073  -21.645296    9.364962   -1.080155   -1.226821
 -38.001654    5.506932    0.000000   -0.000000   33.737792    7.544947   -6.941617    0.000000  -34.662783  -20.721743    2.795807   -0.000000   34.493237   35.747334   -0.000000    0.000000  -34.662783  -20.721743   -2.795807   -0.000000   33.737792    7.544947    6.941617    0.000000   -2.069567   -0.235953    9.364962  -22.490790    9.364962   -0.235953
  33.737765   -2.240720    8.082360    0.000000  -38.135349    2.425942    6.109524    0.000000   33.845848    9.465031    1.730031   -0.000000  -34.661177  -12.786198  -14.592422    0.000000   34.462309   18.234727   29.606033   -0.000000  -34.603844   -7.574035  -17.988378   -0.000000   -0.235953   -1.226821   -1.080155    9.364962  -21.645296    8.518073
 -34.661177   12.786198  -14.592422   -0.000000   33.845848   -9.465031    1.730031    0.000000  -38.135349   -2.425942    6.109524    0.000000   33.737765    2.240720    8.082360   -0.000000  -34.603844    7.574035  -17.988378    0.000000   34.462309  -18.234727   29.606033    0.000000    9.364962   -1.080155   -1.226821   -0.235953    8.518073  -21.645296
y
37.017767  0.000000  0.000000  0.000000 43.540531  0.000000  0.000000  0.000000 43.531138  0.000000  0.000000  0.000000 40.394338  0.000000  0.000000  0.000000 43.531138  0.000000  0.000000  0.000000 43.540531  0.000000  0.000000  0.000000 -2.549501 -2.586346 -2.381212 -1.997721 -2.381212 -2.586346
 0.000000  0.000000  0.000000  0.000000  0.000000  0.000000  0.000000  0.000000  0.000000  0.000000  0.000000  0.000000  0.000000  0.000000  0.000000  0.000000  0.000000  0.000000  0.000000  0.000000  0.000000  0.000000  0.000000  0.000000  0.000000  0.000000  0.000000  0.000000  0.000000  0.000000
 0.000000  0.000000  0.000000  0.000000  0.000000  0.000000  0.000000  0.000000  0.000000  0.000000  0.000000  0.000000  0.000000  0.000000  0.000000  0.000000  0.000000  0.000000  0.000000  0.000000  0.000000  0.000000  0.000000  0.000000  0.000000  0.000000  0.000000  0.000000  0.000000  0.000000
 0.000000  0.000000  0.000000  0.000000  0.000000  0.000000  0.000000  0.000000  0.000000  0.000000  0.000000  0.000000  0.000000  0.000000  0.000000  0.000000  0.000000  0.000000  0.000000  0.000000  0.000000  0.000000  0.000000  0.000000  0.000000  0.000000  0.000000  0.000000  0.000000  0.000000
43.540531  0.000000  0.000000  0.000000 38.121028  0.000000  0.000000  0.000000 44.103999  0.000000  0.000000  0.000000 43.531138  0.000000  0.000000  0.000000 41.527654  0.000000  0.000000  0.000000 44.092017  0.000000  0.000000  0.000000 -2.074090 -3.029177 -2.574566 -1.854443 -2.529645 -2.385537
 0.000000  0.000000  0.000000  0.000000  0.000000  0.000000  0.000000  0.000000  0.000000  0.000000  0.000000  0.000000  0.000000  0.000000  0.000000  0.000000  0.000000  0.000000  0.000000  0.000000  0.000000  0.000000  0.000000  0.000000  0.000000  0.000000  0.000000  0.000000  0.000000  0.000000
 0.000000  0.000000  0.000000  0.000000  0.000000  0.000000  0.000000  0.000000  0.000000  0.000000  0.000000  0.000000  0.000000  0.000000  0.000000  0.000000  0.000000  0.000000  0.000000  0.000000  0.000000  0.000000  0.000000  0.000000  0.000000  0.000000  0.000000  0.000000  0.000000  0.000000
 0.000000  0.000000  0.000000  0.000000  0.000000  0.000000  0.000000  0.000000  0.000000  0.000000  0.000000  0.000000  0.000000  0.000000  0.000000  0.000000  0.000000  0.000000  0.000000  0.000000  0.000000  0.000000  0.000000  0.000000  0.000000  0.000000  0.000000  0.000000  0.000000  0.000000
43.531138  0.000000  0.000000  0.000000 44.103999  0.000000  0.000000  0.000000 38.121028  0.000000  0.000000  0.000000 43.540531  0.000000  0.000000  0.000000 44.092017  0.000000  0.000000  0.000000 41.527654  0.000000  0.000000  0.000000 -1.854443 -2.574566 -3.029177 -2.074090 -2.385537 -2.529645
 0.000000  0.000000  0.000000  0.000000  0.000000  0.000000  0.000000  0.000000  0.000000  0.000000  0.000000  0.000000  0.000000  0.000000  0.000000  0.000000  0.000000  0.000000  0.000000  0.000000  0.000000  0.000000  0.000000  0.000000  0.000000  0.000000  0.000000  0.000000  0.000000  0.000000
 0.000000  0.000000  0.000000  0.000000  0.000000  0.000000  0.000000  0.000000  0.000000  0.000000  0.000000  0.000000  0.000000  0.000000  0.000000  0.000000  0.000000  0.000000  0.000000  0.000000  0.000000  0.000000  0.000000  0.000000  0.000000  0.000000  0.000000  0.000000  0.000000  0.000000
 0.000000  0.000000  0.000000  0.000000  0.000000  0.000000  0.000000  0.000000  0.000000  0.000000  0.000000  0.000000  0.000000  0.000000  0.000000  0.000000  0.000000  0.000000  0.000000  0.000000  0.000000  0.000000  0.000000  0.000000  0.000000  0.000000  0.000000  0.000000  0.000000  0.000000
40.394338  0.000000  0.000000  0.000000 43.531138  0.000000  0.000000  0.000000 43.540531  0.000000  0.000000  0.000000 37.017767  0.000000  0.000000  0.000000 43.540531  0.000000  0.000000  0.000000 43.531138  0.000000  0.000000  0.000000 -1.997721 -2.381212 -2.586346 -2.549501 -2.586346 -2.381212
 0.000000  0.000000  0.000000  0.000000  0.000000  0.000000  0.000000  0.000000  0.000000  0.000000  0.000000  0.000000  0.000000  0.000000  0.000000  0.000000  0.000000  0.000000  0.000000  0.000000  0.000000  0.000000  0.000000  0.000000  0.000000  0.000000  0.000000  0.000000  0.000000  0.000000
 0.000000  0.000000  0.000000  0.000000  0.000000  0.000000  0.000000  0.000000  0.000000  0.000000  0.000000  0.000000  0.000000  0.000000  0.000000  0.000000  0.000000  0.000000  0.000000  0.000000  0.000000  0.000000  0.000000  0.000000  0.000000  0.000000  0.000000  0.000000  0.000000  0.000000
 0.000000  0.000000  0.000000  0.000000  0.000000  0.000000  0.000000  0.000000  0.000000  0.000000  0.000000  0.000000  0.000000  0.000000  0.000000  0.000000  0.000000  0.000000  0.000000  0.000000  0.000000  0.000000  0.000000  0.000000  0.000000  0.000000  0.000000  0.000000  0.000000  0.000000
43.531138  0.000000  0.000000  0.000000 41.527654  0.000000  0.000000  0.000000 44.092017  0.000000  0.000000  0.000000 43.540531  0.000000  0.000000  0.000000 38.121028  0.000000  0.000000  0.000000 44.103999  0.000000  0.000000  0.000000 -1.854443 -2.529645 -2.385537 -2.074090 -3.029177 -2.574566
 0.000000  0.000000  0.000000  0.000000  0.000000  0.000000  0.000000  0.000000  0.000000  0.000000  0.000000  0.000000  0.000000  0.000000  0.000000  0.000000  0.000000  0.000000  0.000000  0.000000  0.000000  0.000000  0.000000  0.000000  0.000000  0.000000  0.000000  0.000000  0.000000  0.000000
 0.000000  0.000000  0.000000  0.000000  0.000000  0.000000  0.000000  0.000000  0.000000  0.000000  0.000000  0.000000  0.000000  0.000000  0.000000  0.000000  0.000000  0.000000  0.000000  0.000000  0.000000  0.000000  0.000000  0.000000  0.000000  0.000000  0.000000  0.000000  0.000000  0.000000
 0.000000  0.000000  0.000000  0.000000  0.000000  0.000000  0.000000  0.000000  0.000000  0.000000  0.000000  0.000000  0.000000  0.000000  0.000000  0.000000  0.000000  0.000000  0.000000  0.000000  0.000000  0.000000  0.000000  0.000000  0.000000  0.000000  0.000000  0.000000  0.000000  0.000000
43.540531  0.000000  0.000000  0.000000 44.092017  0.000000  0.000000  0.000000 41.527654  0.000000  0.000000  0.000000 43.531138  0.000000  0.000000  0.000000 44.103999  0.000000  0.000000  0.000000 38.121028  0.000000  0.000000  0.000000 -2.074090 -2.385537 -2.529645 -1.854443 -2.574566 -3.029177
 0.000000  0.000000  0.000000  0.000000  0.000000  0.000000  0.000000  0.000000  0.000000  0.000000  0.000000  0.000000  0.000000  0.000000  0.000000  0.000000  0.000000  0.000000  0.000000  0.000000  0.000000  0.000000  0.000000  0.000000  0.000000  0.000000  0.000000  0.000000  0.000000  0.000000
 0.000000  0.000000  0.000000  0.000000  0.000000  0.000000  0.000000  0.000000  0.000000  0.000000  0.000000  0.000000  0.000000  0.000000  0.000000  0.000000  0.000000  0.000000  0.000000  0.000000  0.000000  0.000000  0.000000  0.000000  0.000000  0.000000  0.000000  0.000000  0.000000  0.000000
 0.000000  0.000000  0.000000  0.000000  0.000000  0.000000  0.000000  0.000000  0.000000  0.000000  0.000000  0.000000  0.000000  0.000000  0.000000  0.000000  0.000000  0.000000  0.000000  0.000000  0.000000  0.000000  0.000000  0.000000  0.000000  0.000000  0.000000  0.000000  0.000000  0.000000
-2.549501  0.000000  0.000000  0.000000 -2.074090  0.000000  0.000000  0.000000 -1.854443  0.000000  0.000000  0.000000 -1.997721  0.000000  0.000000  0.000000 -1.854443  0.000000  0.000000  0.000000 -2.074090  0.000000  0.000000  0.000000 -1.718366 -1.084818 -0.949560 -0.944365 -0.949560 -1.084818
-2.586346  0.000000  0.000000  0.000000 -3.029177  0.000000  0.000000  0.000000 -2.574566  0.000000  0.000000  0.000000 -2.381212  0.000000  0.000000  0.000000 -2.529645  0.000000  0.000000  0.000000 -2.385537  0.000000  0.000000  0.000000 -1.084818 -1.682010 -1.070959 -0.949560 -0.961310 -0.960788
-2.381212  0.000000  0.000000  0.000000 -2.574566  0.000000  0.000000  0.000000 -3.029177  0.000000  0.000000  0.000000 -2.586346  0.000000  0.000000  0.000000 -2.385537  0.000000  0.000000  0.000000 -2.529645  0.000000  0.000000  0.000000 -0.949560 -1.070959 -1.682010 -1.084818 -0.960788 -0.961310
-1.997721  0.000000  0.000000  0.000000 -1.854443  0.000000  0.000000  0.000000 -2.074090  0.000000  0.000000  0.000000 -2.549501  0.000000  0.000000  0.000000 -2.074090  0.000000  0.000000  0.000000 -1.854443  0.000000  0.000000  0.000000 -0.944365 -0.949560 -1.084818 -1.718366 -1.084818 -0.949560
-2.381212  0.000000  0.000000  0.000000 -2.529645  0.000000  0.000000  0.000000 -2.385537  0.000000  0.000000  0.000000 -2.586346  0.000000  0.000000  0.000000 -3.029177  0.000000  0.000000  0.000000 -2.574566  0.000000  0.000000  0.000000 -0.949560 -0.961310 -0.960788 -1.084818 -1.682010 -1.070959
-2.586346  0.000000  0.000000  0.000000 -2.385537  0.000000  0.000000  0.000000 -2.529645  0.000000  0.000000  0.000000 -2.381212  0.000000  0.000000  0.000000 -2.574566  0.000000  0.000000  0.000000 -3.029177  0.000000  0.000000  0.000000 -1.084818 -0.960788 -0.961310 -0.949560 -1.070959 -1.682010
Suv_RA (A is the center of u)
s 00/dR_A is: x:+0.0000 y:+1.2124 z: +0.0000
s 01/dR_A is: x:+0.0000 y:+0.0000 z: +0.0000
s 02/dR_A is: x:+0.0000 y:+0.0000 z: +0.0000
s 03/dR_A is: x:+0.0000 y:+0.0000 z: +0.0000
s 04/dR_A is: x:-0.1527 y:+0.2645 z: +0.0000
s 05/dR_A is: x:+0.2922 y:+0.1122 z: +0.0000
s 06/dR_A is: x:+0.1122 y:+0.1626 z: +0.0000
s 07/dR_A is: x:+0.0000 y:+0.0000 z: +0.3570
s 08/dR_A is: x:-0.2490 y:+0.1438 z: +0.0000
s 09/dR_A is: x:-0.0884 y:+0.1531 z: +0.0000
s 010/dR_A is: x:+0.1531 y:+0.0884 z: +0.0000
s 011/dR_A is: x:+0.0000 y:+0.0000 z: +0.1768
s 012/dR_A is: x:-0.2473 y:+0.0000 z: +0.0000
s 013/dR_A is: x:-0.1953 y:+0.0000 z: +0.0000
s 014/dR_A is: x:+0.0000 y:+0.1278 z: +0.0000
s 015/dR_A is: x:+0.0000 y:+0.0000 z: +0.1278
s 016/dR_A is: x:-0.2490 y:-0.1438 z: +0.0000
s 017/dR_A is: x:-0.0884 y:-0.1531 z: +0.0000
s 018/dR_A is: x:-0.1531 y:+0.0884 z: +0.0000
s 019/dR_A is: x:+0.0000 y:+0.0000 z: +0.1768
s 020/dR_A is: x:-0.1527 y:-0.2645 z: +0.0000
s 021/dR_A is: x:+0.2922 y:-0.1122 z: +0.0000
s 022/dR_A is: x:-0.1122 y:+0.1626 z: +0.0000
s 023/dR_A is: x:+0.0000 y:+0.0000 z: +0.3570
s 024/dR_A is: x:+0.2873 y:+0.0000 z: +0.0000
s 025/dR_A is: x:-0.0212 y:+0.2947 z: +0.0000
s 026/dR_A is: x:-0.1193 y:+0.0973 z: +0.0000
s 027/dR_A is: x:-0.1087 y:+0.0000 z: +0.0000
s 028/dR_A is: x:-0.1193 y:-0.0973 z: +0.0000
s 029/dR_A is: x:-0.0212 y:-0.2947 z: +0.0000
s 10/dR_A is: x:+2.9412 y:+0.0000 z: +0.0000
s 11/dR_A is: x:+0.0000 y:+0.0000 z: +0.0000
s 12/dR_A is: x:+0.0000 y:+0.0000 z: +0.0000
s 13/dR_A is: x:+0.0000 y:+0.0000 z: +0.0000
s 14/dR_A is: x:-0.2922 y:-0.1122 z: +0.0000
s 15/dR_A is: x:-0.5362 y:+0.2391 z: +0.0000
s 16/dR_A is: x:+0.2391 y:-0.0161 z: +0.0000
s 17/dR_A is: x:+0.0000 y:+0.0000 z: -0.1991
s 18/dR_A is: x:+0.0884 y:-0.1531 z: +0.0000
s 19/dR_A is: x:-0.1945 y:-0.1296 z: +0.0000
s 110/dR_A is: x:-0.1296 y:-0.0648 z: +0.0000
s 111/dR_A is: x:+0.0000 y:+0.0000 z: -0.2095
s 112/dR_A is: x:+0.1953 y:+0.0000 z: +0.0000
s 113/dR_A is: x:+0.0583 y:+0.0000 z: +0.0000
s 114/dR_A is: x:+0.0000 y:-0.1804 z: +0.0000
s 115/dR_A is: x:+0.0000 y:+0.0000 z: -0.1804
s 116/dR_A is: x:+0.0884 y:+0.1531 z: +0.0000
s 117/dR_A is: x:-0.1945 y:+0.1296 z: +0.0000
s 118/dR_A is: x:+0.1296 y:-0.0648 z: +0.0000
s 119/dR_A is: x:+0.0000 y:+0.0000 z: -0.2095
s 120/dR_A is: x:-0.2922 y:+0.1122 z: +0.0000
s 121/dR_A is: x:-0.5362 y:-0.2391 z: +0.0000
s 122/dR_A is: x:-0.2391 y:-0.0161 z: +0.0000
s 123/dR_A is: x:+0.0000 y:+0.0000 z: -0.1991
s 124/dR_A is: x:-0.1556 y:+0.0000 z: +0.0000
s 125/dR_A is: x:-0.2052 y:-0.0286 z: +0.0000
s 126/dR_A is: x:+0.0681 y:-0.1059 z: +0.0000
s 127/dR_A is: x:+0.1184 y:+0.0000 z: +0.0000
s 128/dR_A is: x:+0.0681 y:+0.1059 z: +0.0000
s 129/dR_A is: x:-0.2052 y:+0.0286 z: +0.0000
s 20/dR_A is: x:+0.0000 y:+0.0000 z: +0.0000
s 21/dR_A is: x:+0.0000 y:+0.0000 z: +0.0000
s 22/dR_A is: x:+0.0000 y:+0.0000 z: +0.0000
s 23/dR_A is: x:+0.0000 y:+0.0000 z: +0.0000
s 24/dR_A is: x:-0.1122 y:-0.1626 z: +0.0000
s 25/dR_A is: x:+0.2391 y:-0.0161 z: +0.0000
s 26/dR_A is: x:-0.0161 y:+0.7173 z: +0.0000
s 27/dR_A is: x:+0.0000 y:+0.0000 z: +0.3448
s 28/dR_A is: x:-0.1531 y:-0.0884 z: +0.0000
s 29/dR_A is: x:-0.1296 y:-0.0648 z: +0.0000
s 210/dR_A is: x:-0.0648 y:+0.2793 z: +0.0000
s 211/dR_A is: x:+0.0000 y:+0.0000 z: +0.1209
s 212/dR_A is: x:+0.0000 y:-0.1278 z: +0.0000
s 213/dR_A is: x:+0.0000 y:-0.1804 z: +0.0000
s 214/dR_A is: x:-0.1804 y:+0.0000 z: +0.0000
s 215/dR_A is: x:+0.0000 y:+0.0000 z: +0.0000
s 216/dR_A is: x:+0.1531 y:-0.0884 z: +0.0000
s 217/dR_A is: x:+0.1296 y:-0.0648 z: +0.0000
s 218/dR_A is: x:-0.0648 y:-0.2793 z: +0.0000
s 219/dR_A is: x:+0.0000 y:+0.0000 z: -0.1209
s 220/dR_A is: x:+0.1122 y:-0.1626 z: +0.0000
s 221/dR_A is: x:-0.2391 y:-0.0161 z: +0.0000
s 222/dR_A is: x:-0.0161 y:-0.7173 z: +0.0000
s 223/dR_A is: x:+0.0000 y:+0.0000 z: -0.3448
s 224/dR_A is: x:+0.0000 y:-0.4732 z: +0.0000
s 225/dR_A is: x:-0.0286 y:+0.1905 z: +0.0000
s 226/dR_A is: x:-0.1059 y:+0.0245 z: +0.0000
s 227/dR_A is: x:+0.0000 y:-0.0376 z: +0.0000
s 228/dR_A is: x:+0.1059 y:+0.0245 z: +0.0000
s 229/dR_A is: x:+0.0286 y:+0.1905 z: +0.0000
s 30/dR_A is: x:+1.2124 y:+0.0000 z: +0.6835
s 31/dR_A is: x:+0.0000 y:+0.0000 z: +0.0000
s 32/dR_A is: x:+0.0000 y:+0.0000 z: +0.0000
s 33/dR_A is: x:+0.0000 y:+0.0000 z: +0.0000
s 34/dR_A is: x:+0.0000 y:+0.0000 z: -0.3570
s 35/dR_A is: x:+0.0000 y:+0.0000 z: -0.1991
s 36/dR_A is: x:+0.0000 y:+0.0000 z: +0.3448
s 37/dR_A is: x:-0.1991 y:+0.3448 z: +0.0000
s 38/dR_A is: x:+0.0000 y:+0.0000 z: -0.1768
s 39/dR_A is: x:+0.0000 y:+0.0000 z: -0.2095
s 310/dR_A is: x:+0.0000 y:+0.0000 z: +0.1209
s 311/dR_A is: x:-0.2095 y:+0.1209 z: +0.0000
s 312/dR_A is: x:+0.0000 y:+0.0000 z: -0.1278
s 313/dR_A is: x:+0.0000 y:+0.0000 z: -0.1804
s 314/dR_A is: x:+0.0000 y:+0.0000 z: +0.0000
s 315/dR_A is: x:-0.1804 y:+0.0000 z: +0.0000
s 316/dR_A is: x:+0.0000 y:+0.0000 z: -0.1768
s 317/dR_A is: x:+0.0000 y:+0.0000 z: -0.2095
s 318/dR_A is: x:+0.0000 y:+0.0000 z: -0.1209
s 319/dR_A is: x:-0.2095 y:-0.1209 z: +0.0000
s 320/dR_A is: x:+0.0000 y:+0.0000 z: -0.3570
s 321/dR_A is: x:+0.0000 y:+0.0000 z: -0.1991
s 322/dR_A is: x:+0.0000 y:+0.0000 z: -0.3448
s 323/dR_A is: x:-0.1991 y:-0.3448 z: +0.0000
s 324/dR_A is: x:+0.0000 y:+0.0000 z: -0.4732
s 325/dR_A is: x:+0.0000 y:+0.0000 z: -0.2073
s 326/dR_A is: x:+0.0000 y:+0.0000 z: -0.0619
s 327/dR_A is: x:+0.0000 y:+0.0000 z: -0.0376
s 328/dR_A is: x:+0.0000 y:+0.0000 z: -0.0619
s 329/dR_A is: x:+0.0000 y:+0.0000 z: -0.2073
s 40/dR_A is: x:+0.1527 y:-0.2645 z: +0.0000
s 41/dR_A is: x:+0.2922 y:+0.1122 z: +0.0000
s 42/dR_A is: x:+0.1122 y:+0.1626 z: +0.0000
s 43/dR_A is: x:+0.0000 y:+0.0000 z: +0.3570
s 44/dR_A is: x:+0.0000 y:+0.0000 z: +0.0000
s 45/dR_A is: x:+0.0000 y:+0.0000 z: +0.0000
s 46/dR_A is: x:+0.0000 y:-0.0000 z: -3.4279
s 47/dR_A is: x:+13.2776 y:+4.0998 z: +6.2280
s 48/dR_A is: x:-0.3055 y:-0.0000 z: +0.0000
s 49/dR_A is: x:+0.0978 y:-0.0000 z: +0.0000
s 410/dR_A is: x:+0.0000 y:+0.3570 z: +0.0000
s 411/dR_A is: x:+0.0000 y:+0.0000 z: +0.3570
s 412/dR_A is: x:-0.2490 y:-0.1438 z: +0.0000
s 413/dR_A is: x:-0.0884 y:-0.1531 z: +0.0000
s 414/dR_A is: x:-0.1531 y:+0.0884 z: +0.0000
s 415/dR_A is: x:+0.0000 y:+0.0000 z: +0.1768
s 416/dR_A is: x:-0.1237 y:-0.2142 z: +0.0000
s 417/dR_A is: x:+0.0470 y:-0.1399 z: +0.0000
s 418/dR_A is: x:-0.1399 y:-0.1145 z: +0.0000
s 419/dR_A is: x:+0.0000 y:+0.0000 z: +0.1278
s 420/dR_A is: x:-0.0000 y:-0.2875 z: +0.0000
s 421/dR_A is: x:+0.1768 y:-0.0000 z: +0.0000
s 422/dR_A is: x:-0.0000 y:-0.1768 z: +0.0000
s 423/dR_A is: x:+0.0000 y:+0.0000 z: +0.1768
s 424/dR_A is: x:+0.2447 y:-0.1657 z: +0.0000
s 425/dR_A is: x:+0.1436 y:+0.2488 z: +0.0000
s 426/dR_A is: x:-0.2658 y:+0.1290 z: +0.0000
s 427/dR_A is: x:-0.1439 y:-0.0547 z: +0.0000
s 428/dR_A is: x:-0.0543 y:-0.0941 z: +0.0000
s 429/dR_A is: x:+0.0246 y:-0.1520 z: +0.0000
s 50/dR_A is: x:-0.2922 y:-0.1122 z: +0.0000
s 51/dR_A is: x:+0.5362 y:-0.2391 z: +0.0000
s 52/dR_A is: x:-0.2391 y:+0.0161 z: +0.0000
s 53/dR_A is: x:+0.0000 y:+0.0000 z: +0.1991
s 54/dR_A is: x:+0.0000 y:-0.7000 z: -1.2124
s 55/dR_A is: x:+0.8858 y:+0.2176 z: +0.0000
s 56/dR_A is: x:-0.0000 y:+5.0665 z: +6.2280
s 57/dR_A is: x:-0.0000 y:-1.3387 z: -1.2832
s 58/dR_A is: x:-0.0978 y:+0.0000 z: +0.0000
s 59/dR_A is: x:-0.7063 y:-0.0000 z: +0.0000
s 510/dR_A is: x:+0.0000 y:-0.3981 z: +0.0000
s 511/dR_A is: x:+0.0000 y:+0.0000 z: -0.3981
s 512/dR_A is: x:+0.0884 y:+0.1531 z: +0.0000
s 513/dR_A is: x:-0.1945 y:+0.1296 z: +0.0000
s 514/dR_A is: x:+0.1296 y:-0.0648 z: +0.0000
s 515/dR_A is: x:+0.0000 y:+0.0000 z: -0.2095
s 516/dR_A is: x:-0.0470 y:+0.1399 z: +0.0000
s 517/dR_A is: x:-0.1957 y:-0.0264 z: +0.0000
s 518/dR_A is: x:-0.0264 y:+0.1346 z: +0.0000
s 519/dR_A is: x:+0.0000 y:+0.0000 z: -0.0902
s 520/dR_A is: x:-0.1768 y:-0.0000 z: +0.0000
s 521/dR_A is: x:+0.0000 y:-0.2419 z: +0.0000
s 522/dR_A is: x:-0.2419 y:-0.0000 z: +0.0000
s 523/dR_A is: x:+0.0000 y:+0.0000 z: +0.0000
s 524/dR_A is: x:+0.0668 y:-0.1856 z: +0.0000
s 525/dR_A is: x:-0.3938 y:+0.1375 z: +0.0000
s 526/dR_A is: x:+0.1163 y:-0.1571 z: +0.0000
s 527/dR_A is: x:+0.1271 y:+0.0718 z: +0.0000
s 528/dR_A is: x:+0.0014 y:+0.0675 z: +0.0000
s 529/dR_A is: x:-0.0563 y:-0.0341 z: +0.0000
s 60/dR_A is: x:-0.1122 y:-0.1626 z: +0.0000
s 61/dR_A is: x:-0.2391 y:+0.0161 z: +0.0000
s 62/dR_A is: x:+0.0161 y:-0.7173 z: +0.0000
s 63/dR_A is: x:+0.0000 y:+0.0000 z: -0.3448
s 64/dR_A is: x:+0.0000 y:+0.2223 z: +0.0000
s 65/dR_A is: x:+0.0000 y:+0.0000 z: +0.0000
s 66/dR_A is: x:-2.7460 y:-0.0000 z: +10.7568
s 67/dR_A is: x:+3.0680 y:+0.0000 z: +4.5378
s 68/dR_A is: x:+0.0000 y:-0.3570 z: +0.0000
s 69/dR_A is: x:-0.0000 y:-0.3981 z: +0.0000
s 610/dR_A is: x:-0.3981 y:-0.0000 z: +0.0000
s 611/dR_A is: x:+0.0000 y:+0.0000 z: -0.0000
s 612/dR_A is: x:+0.1531 y:-0.0884 z: +0.0000
s 613/dR_A is: x:+0.1296 y:-0.0648 z: +0.0000
s 614/dR_A is: x:-0.0648 y:-0.2793 z: +0.0000
s 615/dR_A is: x:+0.0000 y:+0.0000 z: -0.1209
s 616/dR_A is: x:+0.1399 y:+0.1145 z: +0.0000
s 617/dR_A is: x:-0.0264 y:+0.1346 z: +0.0000
s 618/dR_A is: x:+0.1346 y:-0.0793 z: +0.0000
s 619/dR_A is: x:+0.0000 y:+0.0000 z: -0.1562
s 620/dR_A is: x:-0.0000 y:+0.1768 z: +0.0000
s 621/dR_A is: x:-0.2419 y:+0.0000 z: +0.0000
s 622/dR_A is: x:-0.0000 y:-0.0576 z: +0.0000
s 623/dR_A is: x:+0.0000 y:+0.0000 z: -0.2419
s 624/dR_A is: x:-0.1856 y:-0.0815 z: +0.0000
s 625/dR_A is: x:+0.1375 y:-0.2350 z: +0.0000
s 626/dR_A is: x:-0.1571 y:-0.1310 z: +0.0000
s 627/dR_A is: x:+0.0718 y:-0.0346 z: +0.0000
s 628/dR_A is: x:+0.0675 y:+0.0794 z: +0.0000
s 629/dR_A is: x:-0.0341 y:+0.1489 z: +0.0000
s 70/dR_A is: x:+0.0000 y:+0.0000 z: -0.3570
s 71/dR_A is: x:+0.0000 y:+0.0000 z: +0.1991
s 72/dR_A is: x:+0.0000 y:+0.0000 z: -0.3448
s 73/dR_A is: x:+0.1991 y:-0.3448 z: +0.0000
s 74/dR_A is: x:+0.0000 y:+0.0000 z: +0.0000
s 75/dR_A is: x:+0.0000 y:+0.0000 z: +0.0000
s 76/dR_A is: x:+6.8829 y:+1.8237 z: +0.0000
s 77/dR_A is: x:-6.6732 y:-0.1582 z: -0.0000
s 78/dR_A is: x:+0.0000 y:+0.0000 z: -0.3570
s 79/dR_A is: x:+0.0000 y:+0.0000 z: -0.3981
s 710/dR_A is: x:+0.0000 y:+0.0000 z: +0.0000
s 711/dR_A is: x:-0.3981 y:-0.0000 z: +0.0000
s 712/dR_A is: x:+0.0000 y:+0.0000 z: -0.1768
s 713/dR_A is: x:+0.0000 y:+0.0000 z: -0.2095
s 714/dR_A is: x:+0.0000 y:+0.0000 z: -0.1209
s 715/dR_A is: x:-0.2095 y:-0.1209 z: +0.0000
s 716/dR_A is: x:+0.0000 y:+0.0000 z: -0.1278
s 717/dR_A is: x:+0.0000 y:+0.0000 z: -0.0902
s 718/dR_A is: x:+0.0000 y:+0.0000 z: -0.1562
s 719/dR_A is: x:-0.0902 y:-0.1562 z: +0.0000
s 720/dR_A is: x:+0.0000 y:+0.0000 z: -0.1768
s 721/dR_A is: x:+0.0000 y:+0.0000 z: -0.0000
s 722/dR_A is: x:+0.0000 y:+0.0000 z: -0.2419
s 723/dR_A is: x:+0.0000 y:-0.2419 z: +0.0000
s 724/dR_A is: x:+0.0000 y:+0.0000 z: -0.2073
s 725/dR_A is: x:+0.0000 y:+0.0000 z: -0.4732
s 726/dR_A is: x:+0.0000 y:+0.0000 z: -0.2073
s 727/dR_A is: x:+0.0000 y:+0.0000 z: -0.0619
s 728/dR_A is: x:+0.0000 y:+0.0000 z: -0.0376
s 729/dR_A is: x:+0.0000 y:+0.0000 z: -0.0619
s 80/dR_A is: x:+0.2490 y:-0.1438 z: +0.0000
s 81/dR_A is: x:-0.0884 y:+0.1531 z: +0.0000
s 82/dR_A is: x:+0.1531 y:+0.0884 z: +0.0000
s 83/dR_A is: x:+0.0000 y:+0.0000 z: +0.1768
s 84/dR_A is: x:+0.3055 y:-0.0000 z: +0.0000
s 85/dR_A is: x:+0.0978 y:+0.0000 z: +0.0000
s 86/dR_A is: x:-0.0000 y:+0.3570 z: +0.0000
s 87/dR_A is: x:+0.0000 y:+0.0000 z: +0.3570
s 88/dR_A is: x:+1.5339 y:-14.2217 z: -3.8020
s 89/dR_A is: x:-0.0000 y:-0.0000 z: +0.0000
s 810/dR_A is: x:-0.0000 y:-3.2463 z: -4.4829
s 811/dR_A is: x:-4.2209 y:-1.4762 z: +1.7989
s 812/dR_A is: x:-0.1527 y:-0.2645 z: +0.0000
s 813/dR_A is: x:+0.2922 y:-0.1122 z: +0.0000
s 814/dR_A is: x:-0.1122 y:+0.1626 z: +0.0000
s 815/dR_A is: x:+0.0000 y:+0.0000 z: +0.3570
s 816/dR_A is: x:+0.0000 y:-0.2875 z: +0.0000
s 817/dR_A is: x:+0.1768 y:+0.0000 z: +0.0000
s 818/dR_A is: x:+0.0000 y:-0.1768 z: +0.0000
s 819/dR_A is: x:+0.0000 y:+0.0000 z: +0.1768
s 820/dR_A is: x:+0.1237 y:-0.2142 z: +0.0000
s 821/dR_A is: x:+0.0470 y:+0.1399 z: +0.0000
s 822/dR_A is: x:+0.1399 y:-0.1145 z: +0.0000
s 823/dR_A is: x:+0.0000 y:+0.0000 z: +0.1278
s 824/dR_A is: x:+0.1439 y:-0.0547 z: +0.0000
s 825/dR_A is: x:+0.2658 y:+0.1290 z: +0.0000
s 826/dR_A is: x:-0.1436 y:+0.2488 z: +0.0000
s 827/dR_A is: x:-0.2447 y:-0.1657 z: +0.0000
s 828/dR_A is: x:-0.0246 y:-0.1520 z: +0.0000
s 829/dR_A is: x:+0.0543 y:-0.0941 z: +0.0000
s 90/dR_A is: x:+0.0884 y:-0.1531 z: +0.0000
s 91/dR_A is: x:+0.1945 y:+0.1296 z: +0.0000
s 92/dR_A is: x:+0.1296 y:+0.0648 z: +0.0000
s 93/dR_A is: x:+0.0000 y:+0.0000 z: +0.2095
s 94/dR_A is: x:-0.0978 y:-0.0000 z: +0.0000
s 95/dR_A is: x:+0.7063 y:-0.0000 z: +0.0000
s 96/dR_A is: x:+0.0000 y:+0.3981 z: +0.0000
s 97/dR_A is: x:+0.0000 y:+0.0000 z: +0.3981
s 98/dR_A is: x:-14.2334 y:+1.5481 z: -6.3271
s 99/dR_A is: x:-0.0000 y:-0.0000 z: +0.0000
s 910/dR_A is: x:-0.0000 y:+4.4829 z: +3.2463
s 911/dR_A is: x:+2.0547 y:+9.0947 z: -5.1252
s 912/dR_A is: x:-0.2922 y:+0.1122 z: +0.0000
s 913/dR_A is: x:-0.5362 y:-0.2391 z: +0.0000
s 914/dR_A is: x:-0.2391 y:-0.0161 z: +0.0000
s 915/dR_A is: x:+0.0000 y:+0.0000 z: -0.1991
s 916/dR_A is: x:-0.1768 y:+0.0000 z: +0.0000
s 917/dR_A is: x:-0.0000 y:-0.2419 z: +0.0000
s 918/dR_A is: x:-0.2419 y:+0.0000 z: +0.0000
s 919/dR_A is: x:+0.0000 y:+0.0000 z: -0.0000
s 920/dR_A is: x:-0.0470 y:-0.1399 z: +0.0000
s 921/dR_A is: x:+0.1957 y:-0.0264 z: +0.0000
s 922/dR_A is: x:-0.0264 y:-0.1346 z: +0.0000
s 923/dR_A is: x:+0.0000 y:+0.0000 z: +0.0902
s 924/dR_A is: x:+0.1271 y:-0.0718 z: +0.0000
s 925/dR_A is: x:+0.1163 y:+0.1571 z: +0.0000
s 926/dR_A is: x:-0.3938 y:-0.1375 z: +0.0000
s 927/dR_A is: x:+0.0668 y:+0.1856 z: +0.0000
s 928/dR_A is: x:-0.0563 y:+0.0341 z: +0.0000
s 929/dR_A is: x:+0.0014 y:-0.0675 z: +0.0000
s 100/dR_A is: x:-0.1531 y:-0.0884 z: +0.0000
s 101/dR_A is: x:+0.1296 y:+0.0648 z: +0.0000
s 102/dR_A is: x:+0.0648 y:-0.2793 z: +0.0000
s 103/dR_A is: x:+0.0000 y:+0.0000 z: -0.1209
s 104/dR_A is: x:-0.0000 y:-0.3570 z: +0.0000
s 105/dR_A is: x:-0.0000 y:+0.3981 z: +0.0000
s 106/dR_A is: x:+0.3981 y:-0.0000 z: +0.0000
s 107/dR_A is: x:+0.0000 y:+0.0000 z: -0.0000
s 108/dR_A is: x:-13.2776 y:+4.0998 z: -6.2280
s 109/dR_A is: x:+47.4078 y:-2.6488 z: +0.0000
s 1010/dR_A is: x:-0.0000 y:+0.0000 z: -0.0000
s 1011/dR_A is: x:-12.8657 y:+6.1029 z: -2.7460
s 1012/dR_A is: x:+0.1122 y:-0.1626 z: +0.0000
s 1013/dR_A is: x:-0.2391 y:-0.0161 z: +0.0000
s 1014/dR_A is: x:-0.0161 y:-0.7173 z: +0.0000
s 1015/dR_A is: x:+0.0000 y:+0.0000 z: -0.3448
s 1016/dR_A is: x:+0.0000 y:+0.1768 z: +0.0000
s 1017/dR_A is: x:-0.2419 y:-0.0000 z: +0.0000
s 1018/dR_A is: x:+0.0000 y:-0.0576 z: +0.0000
s 1019/dR_A is: x:+0.0000 y:+0.0000 z: -0.2419
s 1020/dR_A is: x:-0.1399 y:+0.1145 z: +0.0000
s 1021/dR_A is: x:-0.0264 y:-0.1346 z: +0.0000
s 1022/dR_A is: x:-0.1346 y:-0.0793 z: +0.0000
s 1023/dR_A is: x:+0.0000 y:+0.0000 z: -0.1562
s 1024/dR_A is: x:-0.0718 y:-0.0346 z: +0.0000
s 1025/dR_A is: x:+0.1571 y:-0.1310 z: +0.0000
s 1026/dR_A is: x:-0.1375 y:-0.2350 z: +0.0000
s 1027/dR_A is: x:+0.1856 y:-0.0815 z: +0.0000
s 1028/dR_A is: x:+0.0341 y:+0.1489 z: +0.0000
s 1029/dR_A is: x:-0.0675 y:+0.0794 z: +0.0000
s 110/dR_A is: x:+0.0000 y:+0.0000 z: -0.1768
s 111/dR_A is: x:+0.0000 y:+0.0000 z: +0.2095
s 112/dR_A is: x:+0.0000 y:+0.0000 z: -0.1209
s 113/dR_A is: x:+0.2095 y:-0.1209 z: +0.0000
s 114/dR_A is: x:+0.0000 y:+0.0000 z: -0.3570
s 115/dR_A is: x:+0.0000 y:+0.0000 z: +0.3981
s 116/dR_A is: x:+0.0000 y:+0.0000 z: +0.0000
s 117/dR_A is: x:+0.3981 y:-0.0000 z: +0.0000
s 118/dR_A is: x:-0.0000 y:-5.3845 z: +5.8585
s 119/dR_A is: x:-0.0000 y:-69.1125 z: +13.2776
s 1110/dR_A is: x:-1.6730 y:+0.0000 z: -0.0000
s 1111/dR_A is: x:-0.0000 y:+2.3024 z: +3.0680
s 1112/dR_A is: x:+0.0000 y:+0.0000 z: -0.3570
s 1113/dR_A is: x:+0.0000 y:+0.0000 z: -0.1991
s 1114/dR_A is: x:+0.0000 y:+0.0000 z: -0.3448
s 1115/dR_A is: x:-0.1991 y:-0.3448 z: +0.0000
s 1116/dR_A is: x:+0.0000 y:+0.0000 z: -0.1768
s 1117/dR_A is: x:+0.0000 y:+0.0000 z: +0.0000
s 1118/dR_A is: x:+0.0000 y:+0.0000 z: -0.2419
s 1119/dR_A is: x:-0.0000 y:-0.2419 z: +0.0000
s 1120/dR_A is: x:+0.0000 y:+0.0000 z: -0.1278
s 1121/dR_A is: x:+0.0000 y:+0.0000 z: +0.0902
s 1122/dR_A is: x:+0.0000 y:+0.0000 z: -0.1562
s 1123/dR_A is: x:+0.0902 y:-0.1562 z: +0.0000
s 1124/dR_A is: x:+0.0000 y:+0.0000 z: -0.0619
s 1125/dR_A is: x:+0.0000 y:+0.0000 z: -0.2073
s 1126/dR_A is: x:+0.0000 y:+0.0000 z: -0.4732
s 1127/dR_A is: x:+0.0000 y:+0.0000 z: -0.2073
s 1128/dR_A is: x:+0.0000 y:+0.0000 z: -0.0619
s 1129/dR_A is: x:+0.0000 y:+0.0000 z: -0.0376
s 120/dR_A is: x:+0.2473 y:+0.0000 z: +0.0000
s 121/dR_A is: x:-0.1953 y:+0.0000 z: +0.0000
s 122/dR_A is: x:+0.0000 y:+0.1278 z: +0.0000
s 123/dR_A is: x:+0.0000 y:+0.0000 z: +0.1278
s 124/dR_A is: x:+0.2490 y:+0.1438 z: +0.0000
s 125/dR_A is: x:-0.0884 y:-0.1531 z: +0.0000
s 126/dR_A is: x:-0.1531 y:+0.0884 z: +0.0000
s 127/dR_A is: x:+0.0000 y:+0.0000 z: +0.1768
s 128/dR_A is: x:+0.1527 y:+0.2645 z: +0.0000
s 129/dR_A is: x:+0.2922 y:-0.1122 z: +0.0000
s 1210/dR_A is: x:-0.1122 y:+0.1626 z: +0.0000
s 1211/dR_A is: x:+0.0000 y:+0.0000 z: +0.3570
s 1212/dR_A is: x:+0.1582 y:-0.0000 z: -1.3387
s 1213/dR_A is: x:+4.6501 y:+0.0000 z: +1.5339
s 1214/dR_A is: x:+0.3112 y:+0.0000 z: -14.2334
s 1215/dR_A is: x:+64.5380 y:-13.2829 z: -1.3882
s 1216/dR_A is: x:+0.1527 y:-0.2645 z: +0.0000
s 1217/dR_A is: x:+0.2922 y:+0.1122 z: +0.0000
s 1218/dR_A is: x:+0.1122 y:+0.1626 z: +0.0000
s 1219/dR_A is: x:+0.0000 y:+0.0000 z: +0.3570
s 1220/dR_A is: x:+0.2490 y:-0.1438 z: +0.0000
s 1221/dR_A is: x:-0.0884 y:+0.1531 z: +0.0000
s 1222/dR_A is: x:+0.1531 y:+0.0884 z: +0.0000
s 1223/dR_A is: x:+0.0000 y:+0.0000 z: +0.1768
s 1224/dR_A is: x:+0.1087 y:+0.0000 z: +0.0000
s 1225/dR_A is: x:+0.1193 y:+0.0973 z: +0.0000
s 1226/dR_A is: x:+0.0212 y:+0.2947 z: +0.0000
s 1227/dR_A is: x:-0.2873 y:+0.0000 z: +0.0000
s 1228/dR_A is: x:+0.0212 y:-0.2947 z: +0.0000
s 1229/dR_A is: x:+0.1193 y:-0.0973 z: +0.0000
s 130/dR_A is: x:+0.1953 y:+0.0000 z: +0.0000
s 131/dR_A is: x:-0.0583 y:+0.0000 z: +0.0000
s 132/dR_A is: x:+0.0000 y:+0.1804 z: +0.0000
s 133/dR_A is: x:+0.0000 y:+0.0000 z: +0.1804
s 134/dR_A is: x:+0.0884 y:+0.1531 z: +0.0000
s 135/dR_A is: x:+0.1945 y:-0.1296 z: +0.0000
s 136/dR_A is: x:-0.1296 y:+0.0648 z: +0.0000
s 137/dR_A is: x:+0.0000 y:+0.0000 z: +0.2095
s 138/dR_A is: x:-0.2922 y:+0.1122 z: +0.0000
s 139/dR_A is: x:+0.5362 y:+0.2391 z: +0.0000
s 1310/dR_A is: x:+0.2391 y:+0.0161 z: +0.0000
s 1311/dR_A is: x:+0.0000 y:+0.0000 z: +0.1991
s 1312/dR_A is: x:-1.2832 y:-3.0680 z: +0.0000
s 1313/dR_A is: x:-4.2209 y:+0.3112 z: -0.0000
s 1314/dR_A is: x:+2.0547 y:+4.6501 z: -0.0000
s 1315/dR_A is: x:+0.0000 y:-69.1125 z: -13.2776
s 1316/dR_A is: x:-0.2922 y:-0.1122 z: +0.0000
s 1317/dR_A is: x:+0.5362 y:-0.2391 z: +0.0000
s 1318/dR_A is: x:-0.2391 y:+0.0161 z: +0.0000
s 1319/dR_A is: x:+0.0000 y:+0.0000 z: +0.1991
s 1320/dR_A is: x:+0.0884 y:-0.1531 z: +0.0000
s 1321/dR_A is: x:+0.1945 y:+0.1296 z: +0.0000
s 1322/dR_A is: x:+0.1296 y:+0.0648 z: +0.0000
s 1323/dR_A is: x:+0.0000 y:+0.0000 z: +0.2095
s 1324/dR_A is: x:+0.1184 y:+0.0000 z: +0.0000
s 1325/dR_A is: x:+0.0681 y:+0.1059 z: +0.0000
s 1326/dR_A is: x:-0.2052 y:+0.0286 z: +0.0000
s 1327/dR_A is: x:-0.1556 y:+0.0000 z: +0.0000
s 1328/dR_A is: x:-0.2052 y:-0.0286 z: +0.0000
s 1329/dR_A is: x:+0.0681 y:-0.1059 z: +0.0000
s 140/dR_A is: x:+0.0000 y:-0.1278 z: +0.0000
s 141/dR_A is: x:+0.0000 y:+0.1804 z: +0.0000
s 142/dR_A is: x:+0.1804 y:+0.0000 z: +0.0000
s 143/dR_A is: x:+0.0000 y:+0.0000 z: +0.0000
s 144/dR_A is: x:+0.1531 y:-0.0884 z: +0.0000
s 145/dR_A is: x:-0.1296 y:+0.0648 z: +0.0000
s 146/dR_A is: x:+0.0648 y:+0.2793 z: +0.0000
