Loaded molecule: hydrocarbon_structures/C2H4.txt
Number of atoms: 6
Alpha electrons: 6, Beta electrons: 6
[CNDO/2] Using orthonormal basis (S = I)

Energy Results:
-------------------------------
Nuclear Repulsion Energy: 1096.605357 eV
Electronic Energy: -1343.807191 eV
Total Energy: -247.201835 eV
-------------------------------
x
-31.325360   6.612572  -0.000000  -0.000000 -16.609202  18.088504  -0.000000  -0.000000 -15.202385 -15.202385  -4.982247  -4.982247
  6.612572 -60.904576  -0.000000  -0.000000 -18.088504  19.443811   0.000000   0.000000  11.788603  11.788603  -5.365903  -5.365903
 -0.000000  -0.000000 -38.084558   0.000000   0.000000   0.000000 -19.609237   0.000000 -18.625005  18.625005  -1.051620   1.051620
 -0.000000  -0.000000   0.000000 -42.000000   0.000000   0.000000  -0.000000 -42.000000  -0.000000   0.000000  -0.000000  -0.000000
-16.609202 -18.088504   0.000000   0.000000 -31.325360  -6.612572   0.000000   0.000000  -4.982247  -4.982247 -15.202385 -15.202385
 18.088504  19.443811   0.000000   0.000000  -6.612572 -60.904576   0.000000  -0.000000   5.365903   5.365903 -11.788603 -11.788603
 -0.000000   0.000000 -19.609237  -0.000000   0.000000   0.000000 -38.084558  -0.000000  -1.051620   1.051620 -18.625005  18.625005
 -0.000000   0.000000   0.000000 -42.000000   0.000000  -0.000000  -0.000000 -42.000000  -0.000000   0.000000  -0.000000  -0.000000
-15.202385  11.788603 -18.625005  -0.000000  -4.982247   5.365903  -1.051620  -0.000000 -17.075466   2.602581   2.927625  -5.476334
-15.202385  11.788603  18.625005   0.000000  -4.982247   5.365903   1.051620   0.000000   2.602581 -17.075466  -5.476334   2.927625
 -4.982247  -5.365903  -1.051620  -0.000000 -15.202385 -11.788603 -18.625005  -0.000000   2.927625  -5.476334 -17.075466   2.602581
 -4.982247  -5.365903   1.051620  -0.000000 -15.202385 -11.788603  18.625005  -0.000000  -5.476334   2.927625   2.602581 -17.075466
y
-18.254904   0.000000   0.000000   0.000000 -16.969277   0.000000   0.000000   0.000000  -4.403595  -4.403595  -4.035677  -4.035677
  0.000000   0.000000   0.000000   0.000000   0.000000   0.000000   0.000000   0.000000   0.000000   0.000000   0.000000   0.000000
  0.000000   0.000000   0.000000   0.000000   0.000000   0.000000   0.000000   0.000000   0.000000   0.000000   0.000000   0.000000
  0.000000   0.000000   0.000000   0.000000   0.000000   0.000000   0.000000   0.000000   0.000000   0.000000   0.000000   0.000000
-16.969277   0.000000   0.000000   0.000000 -18.254904   0.000000   0.000000   0.000000  -4.035677  -4.035677  -4.403595  -4.403595
  0.000000   0.000000   0.000000   0.000000   0.000000   0.000000   0.000000   0.000000   0.000000   0.000000   0.000000   0.000000
  0.000000   0.000000   0.000000   0.000000   0.000000   0.000000   0.000000   0.000000   0.000000   0.000000   0.000000   0.000000
  0.000000   0.000000   0.000000   0.000000   0.000000   0.000000   0.000000   0.000000   0.000000   0.000000   0.000000   0.000000
 -4.403595   0.000000   0.000000   0.000000  -4.035677   0.000000   0.000000   0.000000  -1.447318  -1.007815  -1.010589  -1.043643
 -4.403595   0.000000   0.000000   0.000000  -4.035677   0.000000   0.000000   0.000000  -1.007815  -1.447318  -1.043643  -1.010589
 -4.035677   0.000000   0.000000   0.000000  -4.403595   0.000000   0.000000   0.000000  -1.010589  -1.043643  -1.447318  -1.007815
 -4.035677   0.000000   0.000000   0.000000  -4.403595   0.000000   0.000000   0.000000  -1.043643  -1.010589  -1.007815  -1.447318
Suv_RA (A is the center of u)
s 00/dR_A is: x:+0.3729 y:-0.0787 z: +0.0000
s 01/dR_A is: x:+0.0000 y:+0.0000 z: -0.0000
s 02/dR_A is: x:+0.0000 y:-0.0000 z: +0.2334
s 03/dR_A is: x:+0.2534 y:-0.1965 z: -0.3104
s 04/dR_A is: x:+0.2993 y:+0.0000 z: +0.0000
s 05/dR_A is: x:+0.1282 y:+0.0000 z: +0.0000
s 06/dR_A is: x:+0.0000 y:+0.3698 z: +0.0000
s 07/dR_A is: x:+0.0000 y:+0.0000 z: +0.3698
s 08/dR_A is: x:-0.0633 y:+0.2586 z: +0.0000
s 09/dR_A is: x:-0.0633 y:-0.2586 z: +0.0000
s 010/dR_A is: x:+0.2741 y:+0.1651 z: +0.0000
s 011/dR_A is: x:+0.2741 y:-0.1651 z: +0.0000
s 10/dR_A is: x:+0.0000 y:+0.1977 z: -0.2153
s 11/dR_A is: x:+0.5000 y:-0.0000 z: -0.0000
s 12/dR_A is: x:+0.0000 y:-0.0000 z: -0.0000
s 13/dR_A is: x:-0.0000 y:+0.0830 z: -0.0894
s 14/dR_A is: x:-0.1282 y:+0.0000 z: +0.0000
s 15/dR_A is: x:+0.7501 y:+0.0000 z: +0.0000
s 16/dR_A is: x:+0.0000 y:+0.4018 z: +0.0000
s 17/dR_A is: x:+0.0000 y:+0.0000 z: +0.4018
s 18/dR_A is: x:-0.4930 y:-0.0648 z: +0.0000
s 19/dR_A is: x:-0.4930 y:+0.0648 z: +0.0000
s 110/dR_A is: x:+0.0286 y:+0.1846 z: +0.0000
s 111/dR_A is: x:+0.0286 y:-0.1846 z: +0.0000
s 20/dR_A is: x:+0.0000 y:+0.0000 z: +0.2534
s 21/dR_A is: x:+0.0000 y:+0.5000 z: +0.0000
s 22/dR_A is: x:+0.4534 y:+0.0000 z: +0.0175
s 23/dR_A is: x:-0.0175 y:-0.0000 z: -0.0723
s 24/dR_A is: x:+0.0000 y:-0.3698 z: +0.0000
s 25/dR_A is: x:+0.0000 y:+0.4018 z: +0.0000
s 26/dR_A is: x:+0.4018 y:+0.0000 z: +0.0000
s 27/dR_A is: x:+0.0000 y:+0.0000 z: +0.0000
s 28/dR_A is: x:-0.0648 y:-0.2438 z: +0.0000
s 29/dR_A is: x:+0.0648 y:-0.2438 z: +0.0000
s 210/dR_A is: x:+0.1846 y:-0.1666 z: +0.0000
s 211/dR_A is: x:-0.1846 y:-0.1666 z: +0.0000
s 30/dR_A is: x:+0.2534 y:+0.0830 z: +0.0830
s 31/dR_A is: x:-0.0000 y:+0.0000 z: +0.0000
s 32/dR_A is: x:-0.0175 y:+0.3104 z: -0.3104
s 33/dR_A is: x:+0.4743 y:+0.1521 z: -0.0813
s 34/dR_A is: x:+0.0000 y:+0.0000 z: -0.3698
s 35/dR_A is: x:+0.0000 y:+0.0000 z: +0.4018
s 36/dR_A is: x:+0.0000 y:+0.0000 z: +0.0000
s 37/dR_A is: x:+0.4018 y:+0.0000 z: +0.0000
s 38/dR_A is: x:+0.0000 y:+0.0000 z: -0.5088
s 39/dR_A is: x:+0.0000 y:+0.0000 z: -0.5088
s 310/dR_A is: x:+0.0000 y:+0.0000 z: -0.2779
s 311/dR_A is: x:+0.0000 y:+0.0000 z: -0.2779
s 40/dR_A is: x:-0.2993 y:+0.0000 z: +0.0000
s 41/dR_A is: x:+0.1282 y:+0.0000 z: +0.0000
s 42/dR_A is: x:+0.0000 y:+0.3698 z: +0.0000
s 43/dR_A is: x:+0.0000 y:+0.0000 z: +0.3698
s 44/dR_A is: x:+0.0830 y:+0.0830 z: -0.0787
s 45/dR_A is: x:+0.0000 y:-0.0000 z: +0.1977
s 46/dR_A is: x:+0.3104 y:-0.3104 z: +0.0000
s 47/dR_A is: x:+0.1521 y:-0.0813 z: +0.0830
s 48/dR_A is: x:-0.2741 y:+0.1651 z: +0.0000
s 49/dR_A is: x:-0.2741 y:-0.1651 z: +0.0000
s 410/dR_A is: x:+0.0633 y:+0.2586 z: +0.0000
s 411/dR_A is: x:+0.0633 y:-0.2586 z: +0.0000
s 50/dR_A is: x:-0.1282 y:+0.0000 z: +0.0000
s 51/dR_A is: x:-0.7501 y:+0.0000 z: +0.0000
s 52/dR_A is: x:+0.0000 y:-0.4018 z: +0.0000
s 53/dR_A is: x:+0.0000 y:+0.0000 z: -0.4018
s 54/dR_A is: x:+0.7251 y:+0.0000 z: -0.0000
s 55/dR_A is: x:+0.2153 y:+0.0000 z: +0.0000
s 56/dR_A is: x:-0.0000 y:+0.0000 z: +0.5000
s 57/dR_A is: x:+0.0894 y:+0.0175 z: +0.0000
s 58/dR_A is: x:+0.0286 y:-0.1846 z: +0.0000
s 59/dR_A is: x:+0.0286 y:+0.1846 z: +0.0000
s 510/dR_A is: x:-0.4930 y:+0.0648 z: +0.0000
s 511/dR_A is: x:-0.4930 y:-0.0648 z: +0.0000
s 60/dR_A is: x:+0.0000 y:-0.3698 z: +0.0000
s 61/dR_A is: x:+0.0000 y:-0.4018 z: +0.0000
s 62/dR_A is: x:-0.4018 y:+0.0000 z: +0.0000
s 63/dR_A is: x:+0.0000 y:+0.0000 z: +0.0000
s 64/dR_A is: x:+0.2153 y:-0.2315 z: +0.0000
s 65/dR_A is: x:+0.3729 y:+0.0787 z: +0.0000
s 66/dR_A is: x:+0.0000 y:-0.0000 z: -0.0000
s 67/dR_A is: x:+0.2534 y:+0.1965 z: +0.3104
s 68/dR_A is: x:-0.1846 y:-0.1666 z: +0.0000
s 69/dR_A is: x:+0.1846 y:-0.1666 z: +0.0000
s 610/dR_A is: x:+0.0648 y:-0.2438 z: +0.0000
s 611/dR_A is: x:-0.0648 y:-0.2438 z: +0.0000
s 70/dR_A is: x:+0.0000 y:+0.0000 z: -0.3698
s 71/dR_A is: x:+0.0000 y:+0.0000 z: -0.4018
s 72/dR_A is: x:+0.0000 y:+0.0000 z: +0.0000
s 73/dR_A is: x:-0.4018 y:+0.0000 z: +0.0000
s 74/dR_A is: x:-0.0000 y:-0.1965 z: -0.1965
s 75/dR_A is: x:+0.0000 y:+0.0830 z: +0.0830
s 76/dR_A is: x:+0.5000 y:-0.0000 z: +0.0000
s 77/dR_A is: x:-0.0000 y:-0.0813 z: +0.1521
s 78/dR_A is: x:+0.0000 y:+0.0000 z: -0.2779
s 79/dR_A is: x:+0.0000 y:+0.0000 z: -0.2779
s 710/dR_A is: x:+0.0000 y:+0.0000 z: -0.5088
s 711/dR_A is: x:+0.0000 y:+0.0000 z: -0.5088
s 80/dR_A is: x:+0.0633 y:-0.2586 z: +0.0000
s 81/dR_A is: x:+0.4930 y:+0.0648 z: +0.0000
s 82/dR_A is: x:+0.0648 y:+0.2438 z: +0.0000
s 83/dR_A is: x:+0.0000 y:+0.0000 z: +0.5088
s 84/dR_A is: x:+0.2741 y:-0.1651 z: +0.0000
s 85/dR_A is: x:-0.0286 y:+0.1846 z: +0.0000
s 86/dR_A is: x:+0.1846 y:+0.1666 z: +0.0000
s 87/dR_A is: x:+0.0000 y:+0.0000 z: +0.2779
s 88/dR_A is: x:-0.0175 y:-0.0000 z: +0.2534
s 89/dR_A is: x:+0.0000 y:-0.3128 z: +0.0000
s 810/dR_A is: x:+0.3219 y:-0.0000 z: +0.0000
s 811/dR_A is: x:+0.1543 y:-0.1621 z: +0.0000
s 90/dR_A is: x:+0.0633 y:+0.2586 z: +0.0000
s 91/dR_A is: x:+0.4930 y:-0.0648 z: +0.0000
s 92/dR_A is: x:-0.0648 y:+0.2438 z: +0.0000
s 93/dR_A is: x:+0.0000 y:+0.0000 z: +0.5088
s 94/dR_A is: x:+0.2741 y:+0.1651 z: +0.0000
s 95/dR_A is: x:-0.0286 y:-0.1846 z: +0.0000
s 96/dR_A is: x:-0.1846 y:+0.1666 z: +0.0000
s 97/dR_A is: x:+0.0000 y:+0.0000 z: +0.2779
s 98/dR_A is: x:+0.0000 y:+0.3128 z: +0.0000
s 99/dR_A is: x:-0.0000 y:-0.0000 z: -0.0000
s 910/dR_A is: x:+0.1543 y:+0.1621 z: +0.0000
s 911/dR_A is: x:+0.3219 y:+0.0000 z: +0.0000
s 100/dR_A is: x:-0.2741 y:-0.1651 z: +0.0000
s 101/dR_A is: x:-0.0286 y:-0.1846 z: +0.0000
s 102/dR_A is: x:-0.1846 y:+0.1666 z: +0.0000
s 103/dR_A is: x:+0.0000 y:+0.0000 z: +0.2779
s 104/dR_A is: x:-0.0633 y:-0.2586 z: +0.0000
s 105/dR_A is: x:+0.4930 y:-0.0648 z: +0.0000
s 106/dR_A is: x:-0.0648 y:+0.2438 z: +0.0000
s 107/dR_A is: x:+0.0000 y:+0.0000 z: +0.5088
s 108/dR_A is: x:-0.3219 y:-0.0000 z: +0.0000
s 109/dR_A is: x:-0.1543 y:-0.1621 z: +0.0000
s 1010/dR_A is: x:+0.0000 y:-0.0000 z: -0.0894
s 1011/dR_A is: x:-0.0000 y:-0.3128 z: +0.0000
s 110/dR_A is: x:-0.2741 y:+0.1651 z: +0.0000
s 111/dR_A is: x:-0.0286 y:+0.1846 z: +0.0000
s 112/dR_A is: x:+0.1846 y:+0.1666 z: +0.0000
s 113/dR_A is: x:+0.0000 y:+0.0000 z: +0.2779
s 114/dR_A is: x:-0.0633 y:+0.2586 z: +0.0000
s 115/dR_A is: x:+0.4930 y:+0.0648 z: +0.0000
s 116/dR_A is: x:+0.0648 y:+0.2438 z: +0.0000
s 117/dR_A is: x:+0.0000 y:+0.0000 z: +0.5088
s 118/dR_A is: x:-0.1543 y:+0.1621 z: +0.0000
s 119/dR_A is: x:-0.3219 y:+0.0000 z: +0.0000
s 1110/dR_A is: x:-0.0000 y:+0.3128 z: +0.0000
s 1111/dR_A is: x:-0.0723 y:-0.0813 z: +0.1521
gammaAB_RA
gamma 00/dR_A is: x:+0.0000 y:+0.0000 z: +0.0000
gamma 01/dR_A is: x:+3.4018 y:+0.0000 z: +0.0000
gamma 02/dR_A is: x:-0.8778 y:+3.5877 z: +0.0000
gamma 03/dR_A is: x:-0.8778 y:-3.5877 z: +0.0000
gamma 04/dR_A is: x:+3.5635 y:+2.1473 z: +0.0000
gamma 05/dR_A is: x:+3.5635 y:-2.1473 z: +0.0000
gamma 10/dR_A is: x:-3.4018 y:+0.0000 z: +0.0000
gamma 11/dR_A is: x:+0.0000 y:+0.0000 z: +0.0000
gamma 12/dR_A is: x:+0.0000 y:+0.0000 z: +0.0000
gamma 13/dR_A is: x:+0.0000 y:+0.0000 z: +0.0000
gamma 14/dR_A is: x:+0.0000 y:+0.0000 z: +0.0000
gamma 15/dR_A is: x:+0.0000 y:+0.0000 z: +0.0000
gamma 20/dR_A is: x:+0.8778 y:-3.5877 z: +0.0000
gamma 21/dR_A is: x:+0.0000 y:+0.0000 z: +0.0000
gamma 22/dR_A is: x:+0.0000 y:+0.0000 z: +0.0000
gamma 23/dR_A is: x:+0.0000 y:+0.0000 z: +0.0000
gamma 24/dR_A is: x:+0.0000 y:+0.0000 z: +0.0000
gamma 25/dR_A is: x:+0.0000 y:+0.0000 z: +0.0000
gamma 30/dR_A is: x:+0.8778 y:+3.5877 z: +0.0000
gamma 31/dR_A is: x:+0.0000 y:+0.0000 z: +0.0000
gamma 32/dR_A is: x:+0.0000 y:+0.0000 z: +0.0000
gamma 33/dR_A is: x:+0.0000 y:+0.0000 z: +0.0000
gamma 34/dR_A is: x:+0.0000 y:+0.0000 z: +0.0000
gamma 35/dR_A is: x:+0.0000 y:+0.0000 z: +0.0000
gamma 40/dR_A is: x:-3.5635 y:-2.1473 z: +0.0000
gamma 41/dR_A is: x:+0.0000 y:+0.0000 z: +0.0000
gamma 42/dR_A is: x:+0.0000 y:+0.0000 z: +0.0000
gamma 43/dR_A is: x:+0.0000 y:+0.0000 z: +0.0000
gamma 44/dR_A is: x:+0.0000 y:+0.0000 z: +0.0000
gamma 45/dR_A is: x:+0.0000 y:+0.0000 z: +0.0000
gamma 50/dR_A is: x:-3.5635 y:+2.1473 z: +0.0000
gamma 51/dR_A is: x:+0.0000 y:+0.0000 z: +0.0000
gamma 52/dR_A is: x:+0.0000 y:+0.0000 z: +0.0000
gamma 53/dR_A is: x:+0.0000 y:+0.0000 z: +0.0000
gamma 54/dR_A is: x:+0.0000 y:+0.0000 z: +0.0000
gamma 55/dR_A is: x:+0.0000 y:+0.0000 z: +0.0000
gradient (Nuclear part)
x: +247.0906 y: +0.0000 z: +0.0000
x: -247.0906 y: +0.0000 z: +0.0000
x: +67.0043 y: -140.4520 z: +0.0000
x: +67.0043 y: +140.4520 z: +0.0000
x: -67.0043 y: -140.4520 z: +0.0000
x: -67.0043 y: +140.4520 z: +0.0000
gradient (Electron part)
x: -83.3353 y: -36.4373 z: -0.0000
x: +21.2101 y: +0.0000 z: +0.0000
x: +2.0261 y: +1.8668 z: -0.0000
x: +2.0261 y: -1.8668 z: +0.0000
x: +60.0991 y: +38.3041 z: -0.0000
x: -2.0261 y: -1.8668 z: -0.0000
gradient
x: +163.7553 y: -36.4373 z: -0.0000
x: -225.8805 y: +0.0000 z: +0.0000
x: +69.0304 y: -138.5852 z: -0.0000
x: +69.0304 y: +138.5852 z: +0.0000
x: -6.9052 y: -102.1479 z: -0.0000
x: -69.0304 y: +138.5852 z: -0.0000
