Loaded molecule: hydrocarbon_structures/C2H6.txt
Number of atoms: 8
Alpha electrons: 7, Beta electrons: 7
[CNDO/2] Using orthonormal basis (S = I)

Energy Results:
-------------------------------
Nuclear Repulsion Energy: 1392.231926 eV
Electronic Energy: -1676.673621 eV
Total Energy: -284.441695 eV
-------------------------------
x
-28.430816   4.659930  -0.000000  -0.000000 -14.048155  16.276246   0.000000   0.000000 -14.286331 -12.135385 -12.135385  -0.175150  -5.498421  -5.498421
  4.659930 -41.713620  -0.000000  -0.000000 -16.276246  11.237793   0.000000   0.000000  22.818879   0.645532   0.645532   2.277882  -9.015590  -9.015590
 -0.000000  -0.000000 -38.621917  -0.000000   0.000000  -0.000000 -14.876700   0.000000   0.000000 -19.753721  19.753721  -0.000000  -0.648996   0.648996
 -0.000000  -0.000000  -0.000000 -84.000000   0.000000  -0.000000   0.000000   0.000000   0.000000  -0.000000  -0.000000  -0.000000   0.000000   0.000000
-14.048155 -16.276246   0.000000   0.000000 -28.430816  -4.659930   0.000000  -0.000000  -0.175150  -5.498421  -5.498421 -14.286331 -12.135385 -12.135385
 16.276246  11.237793  -0.000000  -0.000000  -4.659930 -41.713620  -0.000000   0.000000  -2.277882   9.015590   9.015590 -22.818879  -0.645532  -0.645532
  0.000000   0.000000 -14.876700   0.000000   0.000000  -0.000000 -38.621917  -0.000000   0.000000  -0.648996   0.648996   0.000000 -19.753721  19.753721
  0.000000   0.000000   0.000000   0.000000  -0.000000   0.000000  -0.000000 -84.000000  -0.000000   0.000000   0.000000   0.000000  -0.000000  -0.000000
-14.286331  22.818879   0.000000   0.000000  -0.175150  -2.277882   0.000000  -0.000000 -15.004130  -4.386545  -4.386545  -3.374475   1.083273   1.083273
-12.135385   0.645532 -19.753721  -0.000000  -5.498421   9.015590  -0.648996   0.000000  -4.386545 -14.190859   5.256891   1.083273   1.293519  -5.082209
-12.135385   0.645532  19.753721  -0.000000  -5.498421   9.015590   0.648996   0.000000  -4.386545   5.256891 -14.190859   1.083273  -5.082209   1.293519
 -0.175150   2.277882  -0.000000  -0.000000 -14.286331 -22.818879   0.000000   0.000000  -3.374475   1.083273   1.083273 -15.004130  -4.386545  -4.386545
 -5.498421  -9.015590  -0.648996   0.000000 -12.135385  -0.645532 -19.753721  -0.000000   1.083273   1.293519  -5.082209  -4.386545 -14.190859   5.256891
 -5.498421  -9.015590   0.648996   0.000000 -12.135385  -0.645532  19.753721  -0.000000   1.083273  -5.082209   1.293519  -4.386545   5.256891 -14.190859
y
-18.809715   0.000000   0.000000   0.000000 -15.956928   0.000000   0.000000   0.000000  -4.500811  -4.423616  -4.423616  -4.101044  -4.186972  -4.186972
  0.000000   0.000000   0.000000   0.000000   0.000000   0.000000   0.000000   0.000000   0.000000   0.000000   0.000000   0.000000   0.000000   0.000000
  0.000000   0.000000   0.000000   0.000000   0.000000   0.000000   0.000000   0.000000   0.000000   0.000000   0.000000   0.000000   0.000000   0.000000
  0.000000   0.000000   0.000000   0.000000   0.000000   0.000000   0.000000   0.000000   0.000000   0.000000   0.000000   0.000000   0.000000   0.000000
-15.956928   0.000000   0.000000   0.000000 -18.809715   0.000000   0.000000   0.000000  -4.101044  -4.186972  -4.186972  -4.500811  -4.423616  -4.423616
  0.000000   0.000000   0.000000   0.000000   0.000000   0.000000   0.000000   0.000000   0.000000   0.000000   0.000000   0.000000   0.000000   0.000000
  0.000000   0.000000   0.000000   0.000000   0.000000   0.000000   0.000000   0.000000   0.000000   0.000000   0.000000   0.000000   0.000000   0.000000
  0.000000   0.000000   0.000000   0.000000   0.000000   0.000000   0.000000   0.000000   0.000000   0.000000   0.000000   0.000000   0.000000   0.000000
 -4.500811   0.000000   0.000000   0.000000  -4.101044   0.000000   0.000000   0.000000  -1.319712  -0.994473  -0.994473  -0.989871  -0.966590  -0.966590
 -4.423616   0.000000   0.000000   0.000000  -4.186972   0.000000   0.000000   0.000000  -0.994473  -1.265990  -0.997864  -0.966590  -0.957800  -0.995077
 -4.423616   0.000000   0.000000   0.000000  -4.186972   0.000000   0.000000   0.000000  -0.994473  -0.997864  -1.265990  -0.966590  -0.995077  -0.957800
 -4.101044   0.000000   0.000000   0.000000  -4.500811   0.000000   0.000000   0.000000  -0.989871  -0.966590  -0.966590  -1.319712  -0.994473  -0.994473
 -4.186972   0.000000   0.000000   0.000000  -4.423616   0.000000   0.000000   0.000000  -0.966590  -0.957800  -0.995077  -0.994473  -1.265990  -0.997864
 -4.186972   0.000000   0.000000   0.000000  -4.423616   0.000000   0.000000   0.000000  -0.966590  -0.995077  -0.957800  -0.994473  -0.997864  -1.265990
Suv_RA (A is the center of u)
s 00/dR_A is: x:-211.4640 y:-0.0000 z: -0.0000
s 01/dR_A is: x:-0.0000 y:-0.0000 z: -0.0000
s 02/dR_A is: x:-0.0000 y:-0.0000 z: -11.4327
s 03/dR_A is: x:-11.9462 y:-0.0000 z: -7.7370
s 04/dR_A is: x:+0.3147 y:+0.0000 z: +0.0000
s 05/dR_A is: x:+0.0401 y:+0.0000 z: +0.0000
s 06/dR_A is: x:+0.0000 y:+0.3307 z: +0.0000
s 07/dR_A is: x:+0.0000 y:+0.0000 z: +0.3307
s 08/dR_A is: x:-0.2873 y:+0.0000 z: +0.0000
s 09/dR_A is: x:+0.0000 y:+0.2873 z: +0.0000
s 010/dR_A is: x:+0.0000 y:-0.2873 z: +0.0000
s 011/dR_A is: x:+0.2444 y:+0.0000 z: +0.0000
s 012/dR_A is: x:+0.2584 y:+0.1829 z: +0.0000
s 013/dR_A is: x:+0.2584 y:-0.1829 z: +0.0000
s 10/dR_A is: x:-0.0000 y:-14.7369 z: +10.6963
s 11/dR_A is: x:-202.9850 y:-0.0000 z: -0.0000
s 12/dR_A is: x:-0.0000 y:-0.0000 z: -0.0000
s 13/dR_A is: x:-0.0000 y:-8.1685 z: +6.0787
s 14/dR_A is: x:-0.0401 y:+0.0000 z: +0.0000
s 15/dR_A is: x:+0.6107 y:+0.0000 z: +0.0000
s 16/dR_A is: x:+0.0000 y:+0.3862 z: +0.0000
s 17/dR_A is: x:+0.0000 y:+0.0000 z: +0.3862
s 18/dR_A is: x:-0.1556 y:+0.0000 z: +0.0000
s 19/dR_A is: x:-0.4732 y:+0.0000 z: +0.0000
s 110/dR_A is: x:-0.4732 y:+0.0000 z: +0.0000
s 111/dR_A is: x:+0.2032 y:+0.0000 z: +0.0000
s 112/dR_A is: x:+0.0146 y:+0.1966 z: +0.0000
s 113/dR_A is: x:+0.0146 y:-0.1966 z: +0.0000
s 20/dR_A is: x:-0.0000 y:-0.0000 z: -11.9462
s 21/dR_A is: x:-0.0000 y:-11.4327 z: -0.0000
s 22/dR_A is: x:-202.9850 y:-0.0000 z: -0.0000
s 23/dR_A is: x:-4.3025 y:-0.0000 z: -5.4959
s 24/dR_A is: x:+0.0000 y:-0.3307 z: +0.0000
s 25/dR_A is: x:+0.0000 y:+0.3862 z: +0.0000
s 26/dR_A is: x:+0.3862 y:+0.0000 z: +0.0000
s 27/dR_A is: x:+0.0000 y:+0.0000 z: +0.0000
s 28/dR_A is: x:+0.0000 y:-0.4732 z: +0.0000
s 29/dR_A is: x:+0.0000 y:-0.1556 z: +0.0000
s 210/dR_A is: x:+0.0000 y:-0.1556 z: +0.0000
s 211/dR_A is: x:+0.0000 y:-0.1344 z: +0.0000
s 212/dR_A is: x:+0.1966 y:-0.1240 z: +0.0000
s 213/dR_A is: x:-0.1966 y:-0.1240 z: +0.0000
s 30/dR_A is: x:-11.9462 y:-11.9462 z: -4.9993
s 31/dR_A is: x:-0.0000 y:-0.0000 z: -0.0000
s 32/dR_A is: x:-4.3025 y:+4.3025 z: -0.0000
s 33/dR_A is: x:-193.2650 y:-3.6977 z: -2.2896
s 34/dR_A is: x:+0.0000 y:+0.0000 z: -0.3307
s 35/dR_A is: x:+0.0000 y:+0.0000 z: +0.3862
s 36/dR_A is: x:+0.0000 y:+0.0000 z: +0.0000
s 37/dR_A is: x:+0.3862 y:+0.0000 z: +0.0000
s 38/dR_A is: x:+0.0000 y:+0.0000 z: -0.4732
s 39/dR_A is: x:+0.0000 y:+0.0000 z: -0.4732
s 310/dR_A is: x:+0.0000 y:+0.0000 z: -0.4732
s 311/dR_A is: x:+0.0000 y:+0.0000 z: -0.1344
s 312/dR_A is: x:+0.0000 y:+0.0000 z: -0.2631
s 313/dR_A is: x:+0.0000 y:+0.0000 z: -0.2631
s 40/dR_A is: x:-0.3147 y:+0.0000 z: +0.0000
s 41/dR_A is: x:+0.0401 y:+0.0000 z: +0.0000
s 42/dR_A is: x:+0.0000 y:+0.3307 z: +0.0000
s 43/dR_A is: x:+0.0000 y:+0.0000 z: +0.3307
s 44/dR_A is: x:-193.2650 y:-3.6977 z: -8.1685
s 45/dR_A is: x:-0.0108 y:-0.0380 z: +0.1503
s 46/dR_A is: x:+0.0916 y:+0.2381 z: +0.2023
s 47/dR_A is: x:-0.0000 y:-0.0000 z: +0.0000
s 48/dR_A is: x:-0.2444 y:+0.0000 z: +0.0000
s 49/dR_A is: x:-0.2584 y:+0.1829 z: +0.0000
s 410/dR_A is: x:-0.2584 y:-0.1829 z: +0.0000
s 411/dR_A is: x:+0.2873 y:+0.0000 z: +0.0000
s 412/dR_A is: x:+0.0000 y:+0.2873 z: +0.0000
s 413/dR_A is: x:+0.0000 y:-0.2873 z: +0.0000
s 50/dR_A is: x:-0.0401 y:+0.0000 z: +0.0000
s 51/dR_A is: x:-0.6107 y:+0.0000 z: +0.0000
s 52/dR_A is: x:+0.0000 y:-0.3862 z: +0.0000
s 53/dR_A is: x:+0.0000 y:+0.0000 z: -0.3862
s 54/dR_A is: x:-6.0787 y:+4.3025 z: -0.0000
s 55/dR_A is: x:+0.1503 y:+0.0000 z: +0.0000
s 56/dR_A is: x:+0.2023 y:-0.1938 z: -0.1338
s 57/dR_A is: x:+0.0000 y:+0.2381 z: -0.3803
s 58/dR_A is: x:+0.2032 y:+0.0000 z: +0.0000
s 59/dR_A is: x:+0.0146 y:-0.1966 z: +0.0000
s 510/dR_A is: x:+0.0146 y:+0.1966 z: +0.0000
s 511/dR_A is: x:-0.1556 y:+0.0000 z: +0.0000
s 512/dR_A is: x:-0.4732 y:+0.0000 z: +0.0000
s 513/dR_A is: x:-0.4732 y:-0.0000 z: +0.0000
s 60/dR_A is: x:+0.0000 y:-0.3307 z: +0.0000
s 61/dR_A is: x:+0.0000 y:-0.3862 z: +0.0000
s 62/dR_A is: x:-0.3862 y:+0.0000 z: +0.0000
s 63/dR_A is: x:+0.0000 y:+0.0000 z: +0.0000
s 64/dR_A is: x:-11.9462 y:-0.0000 z: +7.7370
s 65/dR_A is: x:+0.4598 y:+0.0000 z: -0.0000
s 66/dR_A is: x:+0.0000 y:+0.0000 z: +0.0555
s 67/dR_A is: x:-0.0000 y:-0.0000 z: +0.0029
s 68/dR_A is: x:+0.0000 y:-0.1344 z: +0.0000
s 69/dR_A is: x:-0.1966 y:-0.1240 z: +0.0000
s 610/dR_A is: x:+0.1966 y:-0.1240 z: +0.0000
s 611/dR_A is: x:+0.0000 y:-0.4732 z: +0.0000
s 612/dR_A is: x:+0.0000 y:-0.1556 z: +0.0000
s 613/dR_A is: x:-0.0000 y:-0.1556 z: +0.0000
s 70/dR_A is: x:+0.0000 y:+0.0000 z: -0.3307
s 71/dR_A is: x:+0.0000 y:+0.0000 z: -0.3862
s 72/dR_A is: x:+0.0000 y:+0.0000 z: +0.0000
s 73/dR_A is: x:-0.3862 y:+0.0000 z: +0.0000
s 74/dR_A is: x:-0.0000 y:-2.2896 z: -2.6157
s 75/dR_A is: x:+0.0000 y:+0.1771 z: -0.0000
s 76/dR_A is: x:+0.4966 y:+0.0000 z: -0.0000
s 77/dR_A is: x:+0.0380 y:-0.0000 z: +0.0000
s 78/dR_A is: x:+0.0000 y:+0.0000 z: -0.1344
s 79/dR_A is: x:+0.0000 y:+0.0000 z: -0.2631
s 710/dR_A is: x:+0.0000 y:+0.0000 z: -0.2631
s 711/dR_A is: x:+0.0000 y:+0.0000 z: -0.4732
s 712/dR_A is: x:+0.0000 y:+0.0000 z: -0.4732
s 713/dR_A is: x:+0.0000 y:+0.0000 z: -0.4732
s 80/dR_A is: x:+0.2873 y:+0.0000 z: +0.0000
s 81/dR_A is: x:+0.1556 y:+0.0000 z: +0.0000
s 82/dR_A is: x:+0.0000 y:+0.4732 z: +0.0000
s 83/dR_A is: x:+0.0000 y:+0.0000 z: +0.4732
s 84/dR_A is: x:+0.2444 y:+0.0000 z: +0.0000
s 85/dR_A is: x:-0.2032 y:+0.0000 z: +0.0000
s 86/dR_A is: x:+0.0000 y:+0.1344 z: +0.0000
s 87/dR_A is: x:+0.0000 y:+0.0000 z: +0.1344
s 88/dR_A is: x:+0.0937 y:-0.0301 z: -0.0301
s 89/dR_A is: x:+0.2410 y:+0.2410 z: +0.0000
s 810/dR_A is: x:+0.2410 y:-0.2410 z: +0.0000
s 811/dR_A is: x:+0.1081 y:+0.0000 z: +0.0000
s 812/dR_A is: x:+0.1784 y:+0.0739 z: +0.0000
s 813/dR_A is: x:+0.1784 y:-0.0739 z: +0.0000
s 90/dR_A is: x:+0.0000 y:-0.2873 z: +0.0000
s 91/dR_A is: x:+0.4732 y:+0.0000 z: +0.0000
s 92/dR_A is: x:+0.0000 y:+0.1556 z: +0.0000
s 93/dR_A is: x:+0.0000 y:+0.0000 z: +0.4732
s 94/dR_A is: x:+0.2584 y:-0.1829 z: +0.0000
s 95/dR_A is: x:-0.0146 y:+0.1966 z: +0.0000
s 96/dR_A is: x:+0.1966 y:+0.1240 z: +0.0000
s 97/dR_A is: x:+0.0000 y:+0.0000 z: +0.2631
s 98/dR_A is: x:-0.2410 y:-0.2410 z: +0.0000
s 99/dR_A is: x:+0.2544 y:+0.2906 z: +0.0000
s 910/dR_A is: x:+0.0000 y:-0.2773 z: +0.0000
s 911/dR_A is: x:+0.1784 y:-0.0739 z: +0.0000
s 912/dR_A is: x:+0.3409 y:+0.0000 z: +0.0000
s 913/dR_A is: x:+0.1238 y:-0.1753 z: +0.0000
s 100/dR_A is: x:+0.0000 y:+0.2873 z: +0.0000
s 101/dR_A is: x:+0.4732 y:+0.0000 z: +0.0000
s 102/dR_A is: x:+0.0000 y:+0.1556 z: +0.0000
s 103/dR_A is: x:+0.0000 y:+0.0000 z: +0.4732
s 104/dR_A is: x:+0.2584 y:+0.1829 z: +0.0000
s 105/dR_A is: x:-0.0146 y:-0.1966 z: +0.0000
s 106/dR_A is: x:-0.1966 y:+0.1240 z: +0.0000
s 107/dR_A is: x:+0.0000 y:+0.0000 z: +0.2631
s 108/dR_A is: x:-0.2410 y:+0.2410 z: +0.0000
s 109/dR_A is: x:+0.0000 y:+0.2773 z: +0.0000
s 1010/dR_A is: x:+0.0000 y:+0.0000 z: +0.0000
s 1011/dR_A is: x:+0.1784 y:+0.0739 z: +0.0000
s 1012/dR_A is: x:+0.1238 y:+0.1753 z: +0.0000
s 1013/dR_A is: x:+0.3409 y:+0.0000 z: +0.0000
s 110/dR_A is: x:-0.2444 y:+0.0000 z: +0.0000
s 111/dR_A is: x:-0.2032 y:+0.0000 z: +0.0000
s 112/dR_A is: x:+0.0000 y:+0.1344 z: +0.0000
s 113/dR_A is: x:+0.0000 y:+0.0000 z: +0.1344
s 114/dR_A is: x:-0.2873 y:+0.0000 z: +0.0000
s 115/dR_A is: x:+0.1556 y:+0.0000 z: +0.0000
s 116/dR_A is: x:+0.0000 y:+0.4732 z: +0.0000
s 117/dR_A is: x:+0.0000 y:+0.0000 z: +0.4732
s 118/dR_A is: x:-0.1081 y:+0.0000 z: +0.0000
s 119/dR_A is: x:-0.1784 y:+0.0739 z: +0.0000
s 1110/dR_A is: x:-0.1784 y:-0.0739 z: +0.0000
s 1111/dR_A is: x:+0.4052 y:+0.0000 z: +0.0000
s 1112/dR_A is: x:-0.2410 y:+0.2410 z: +0.0000
s 1113/dR_A is: x:-0.2410 y:-0.2410 z: +0.0000
s 120/dR_A is: x:-0.2584 y:-0.1829 z: +0.0000
s 121/dR_A is: x:-0.0146 y:-0.1966 z: +0.0000
s 122/dR_A is: x:-0.1966 y:+0.1240 z: +0.0000
s 123/dR_A is: x:+0.0000 y:+0.0000 z: +0.2631
s 124/dR_A is: x:+0.0000 y:-0.2873 z: +0.0000
s 125/dR_A is: x:+0.4732 y:-0.0000 z: +0.0000
s 126/dR_A is: x:+0.0000 y:+0.1556 z: +0.0000
s 127/dR_A is: x:+0.0000 y:+0.0000 z: +0.4732
s 128/dR_A is: x:-0.1784 y:-0.0739 z: +0.0000
s 129/dR_A is: x:-0.3409 y:+0.0000 z: +0.0000
s 1210/dR_A is: x:-0.1238 y:-0.1753 z: +0.0000
s 1211/dR_A is: x:+0.2410 y:-0.2410 z: +0.0000
s 1212/dR_A is: x:+0.0000 y:+0.0000 z: +0.0000
s 1213/dR_A is: x:-0.0000 y:-0.2773 z: +0.0000
s 130/dR_A is: x:-0.2584 y:+0.1829 z: +0.0000
s 131/dR_A is: x:-0.0146 y:+0.1966 z: +0.0000
s 132/dR_A is: x:+0.1966 y:+0.1240 z: +0.0000
s 133/dR_A is: x:+0.0000 y:+0.0000 z: +0.2631
s 134/dR_A is: x:+0.0000 y:+0.2873 z: +0.0000
s 135/dR_A is: x:+0.4732 y:+0.0000 z: +0.0000
s 136/dR_A is: x:-0.0000 y:+0.1556 z: +0.0000
s 137/dR_A is: x:+0.0000 y:+0.0000 z: +0.4732
s 138/dR_A is: x:-0.1784 y:+0.0739 z: +0.0000
s 139/dR_A is: x:-0.1238 y:+0.1753 z: +0.0000
s 1310/dR_A is: x:-0.3409 y:+0.0000 z: +0.0000
s 1311/dR_A is: x:+0.2410 y:+0.2410 z: +0.0000
s 1312/dR_A is: x:-0.0000 y:+0.2773 z: +0.0000
s 1313/dR_A is: x:-0.3534 y:+0.0000 z: +0.0000
gammaAB_RA
gamma 00/dR_A is: x:+0.0000 y:+0.0000 z: +0.0000
gamma 01/dR_A is: x:+3.5455 y:+0.0000 z: +0.0000
gamma 02/dR_A is: x:-3.9383 y:+0.0000 z: +0.0000
gamma 03/dR_A is: x:+0.0000 y:+3.9383 z: +0.0000
gamma 04/dR_A is: x:+0.0000 y:-3.9383 z: +0.0000
gamma 05/dR_A is: x:+3.1610 y:+0.0000 z: +0.0000
gamma 06/dR_A is: x:+3.3500 y:+2.3711 z: +0.0000
gamma 07/dR_A is: x:+3.3500 y:-2.3711 z: +0.0000
gamma 10/dR_A is: x:-3.5455 y:+0.0000 z: +0.0000
gamma 11/dR_A is: x:+0.0000 y:+0.0000 z: +0.0000
gamma 12/dR_A is: x:+0.0000 y:+0.0000 z: +0.0000
gamma 13/dR_A is: x:+0.0000 y:+0.0000 z: +0.0000
gamma 14/dR_A is: x:+0.0000 y:+0.0000 z: +0.0000
gamma 15/dR_A is: x:+0.0000 y:+0.0000 z: +0.0000
gamma 16/dR_A is: x:+0.0000 y:+0.0000 z: +0.0000
gamma 17/dR_A is: x:+0.0000 y:+0.0000 z: +0.0000
gamma 20/dR_A is: x:+3.9383 y:+0.0000 z: +0.0000
gamma 21/dR_A is: x:+0.0000 y:+0.0000 z: +0.0000
gamma 22/dR_A is: x:+0.0000 y:+0.0000 z: +0.0000
gamma 23/dR_A is: x:+0.0000 y:+0.0000 z: +0.0000
gamma 24/dR_A is: x:+0.0000 y:+0.0000 z: +0.0000
gamma 25/dR_A is: x:+0.0000 y:+0.0000 z: +0.0000
gamma 26/dR_A is: x:+0.0000 y:+0.0000 z: +0.0000
gamma 27/dR_A is: x:+0.0000 y:+0.0000 z: +0.0000
gamma 30/dR_A is: x:+0.0000 y:-3.9383 z: +0.0000
gamma 31/dR_A is: x:+0.0000 y:+0.0000 z: +0.0000
gamma 32/dR_A is: x:+0.0000 y:+0.0000 z: +0.0000
gamma 33/dR_A is: x:+0.0000 y:+0.0000 z: +0.0000
gamma 34/dR_A is: x:+0.0000 y:+0.0000 z: +0.0000
gamma 35/dR_A is: x:+0.0000 y:+0.0000 z: +0.0000
gamma 36/dR_A is: x:+0.0000 y:+0.0000 z: +0.0000
gamma 37/dR_A is: x:+0.0000 y:+0.0000 z: +0.0000
gamma 40/dR_A is: x:+0.0000 y:+3.9383 z: +0.0000
gamma 41/dR_A is: x:+0.0000 y:+0.0000 z: +0.0000
gamma 42/dR_A is: x:+0.0000 y:+0.0000 z: +0.0000
gamma 43/dR_A is: x:+0.0000 y:+0.0000 z: +0.0000
gamma 44/dR_A is: x:+0.0000 y:+0.0000 z: +0.0000
gamma 45/dR_A is: x:+0.0000 y:+0.0000 z: +0.0000
gamma 46/dR_A is: x:+0.0000 y:+0.0000 z: +0.0000
gamma 47/dR_A is: x:+0.0000 y:+0.0000 z: +0.0000
gamma 50/dR_A is: x:-3.1610 y:+0.0000 z: +0.0000
gamma 51/dR_A is: x:+0.0000 y:+0.0000 z: +0.0000
gamma 52/dR_A is: x:+0.0000 y:+0.0000 z: +0.0000
gamma 53/dR_A is: x:+0.0000 y:+0.0000 z: +0.0000
gamma 54/dR_A is: x:+0.0000 y:+0.0000 z: +0.0000
gamma 55/dR_A is: x:+0.0000 y:+0.0000 z: +0.0000
gamma 56/dR_A is: x:+0.0000 y:+0.0000 z: +0.0000
gamma 57/dR_A is: x:+0.0000 y:+0.0000 z: +0.0000
gamma 60/dR_A is: x:-3.3500 y:-2.3711 z: +0.0000
gamma 61/dR_A is: x:+0.0000 y:+0.0000 z: +0.0000
gamma 62/dR_A is: x:+0.0000 y:+0.0000 z: +0.0000
gamma 63/dR_A is: x:+0.0000 y:+0.0000 z: +0.0000
gamma 64/dR_A is: x:+0.0000 y:+0.0000 z: +0.0000
gamma 65/dR_A is: x:+0.0000 y:+0.0000 z: +0.0000
gamma 66/dR_A is: x:+0.0000 y:+0.0000 z: +0.0000
gamma 67/dR_A is: x:+0.0000 y:+0.0000 z: +0.0000
gamma 70/dR_A is: x:-3.3500 y:+2.3711 z: +0.0000
gamma 71/dR_A is: x:+0.0000 y:+0.0000 z: +0.0000
gamma 72/dR_A is: x:+0.0000 y:+0.0000 z: +0.0000
gamma 73/dR_A is: x:+0.0000 y:+0.0000 z: +0.0000
gamma 74/dR_A is: x:+0.0000 y:+0.0000 z: +0.0000
gamma 75/dR_A is: x:+0.0000 y:+0.0000 z: +0.0000
gamma 76/dR_A is: x:+0.0000 y:+0.0000 z: +0.0000
gamma 77/dR_A is: x:+0.0000 y:+0.0000 z: +0.0000
gradient (Nuclear part)
x: +157.6186 y: +0.0000 z: +0.0000
x: -157.6186 y: +0.0000 z: +0.0000
x: +131.7119 y: +0.0000 z: +0.0000
x: +33.6393 y: -127.5050 z: +0.0000
x: +33.6393 y: +127.5050 z: +0.0000
x: -131.7119 y: +0.0000 z: +0.0000
x: -33.6393 y: -127.5050 z: +0.0000
x: -33.6393 y: +127.5050 z: +0.0000
gradient (Electron part)
x: -6.8717 y: +62.8425 z: +0.0000
x: +4.9984 y: -0.0000 z: +0.0000
x: -2.2253 y: +0.0000 z: +0.0000
x: -0.3128 y: +3.5197 z: -0.0000
x: +1.5606 y: -66.3622 z: -0.0000
x: +2.2253 y: +0.0000 z: +0.0000
x: +0.3128 y: +3.5197 z: -0.0000
x: +0.3128 y: -3.5197 z: -0.0000
gradient
x: +150.7469 y: +62.8425 z: +0.0000
x: -152.6202 y: -0.0000 z: +0.0000
x: +129.4867 y: +0.0000 z: +0.0000
x: +33.3266 y: -123.9853 z: -0.0000
x: +35.1999 y: +61.1428 z: -0.0000
x: -129.4867 y: +0.0000 z: +0.0000
x: -33.3266 y: -123.9853 z: -0.0000
x: -33.3266 y: +123.9853 z: -0.0000
