Loaded molecule: hydrocarbon_structures/C6H6.txt
Number of atoms: 12
Alpha electrons: 15, Beta electrons: 15
[CNDO/2] Using orthonormal basis (S = I)

Energy Results:
-------------------------------
Nuclear Repulsion Energy: 5283.403724 eV
Electronic Energy: -6001.237148 eV
Total Energy: -717.833424 eV
-------------------------------
x
-28.504920  -1.171005   0.000000  -0.000000 -15.069973 -13.613194  15.046811   0.000000  -2.664440  -4.971644  -0.629166   0.000000   0.280979   0.487029  -0.000000   0.000000  -2.664440  -4.971644   0.629166  -0.000000 -15.069973 -13.613194 -15.046811  -0.000000  -8.308391  -2.148768  -4.432234  -1.983003  -4.432234  -2.148768
 -1.171005 -37.066562  -0.000000   0.000000   6.224744  -7.798850  -9.262755  -0.000000   1.940852   7.314418  -1.779476   0.000000  -0.487029   2.092071  -0.000000   0.000000   1.940852   7.314418   1.779476  -0.000000   6.224744  -7.798850   9.262755  -0.000000 -24.804263   0.409640   1.828590   3.381618   1.828590   0.409640
  0.000000  -0.000000 -51.508091   0.000000 -19.312986 -17.353105   7.566651   0.000000  -4.620226  -6.839009   2.338102   0.000000  -0.000000  -0.000000  -4.376523  -0.000000   4.620226   6.839009   2.338102  -0.000000  19.312986  17.353105   7.566651  -0.000000   0.000000   1.540506  -2.997328   0.000000   2.997328  -1.540506
 -0.000000   0.000000   0.000000 -41.999625  -0.000000  -0.000000  -0.000000 -28.000058  -0.000000  -0.000000   0.000000   0.000094   0.000000   0.000000  -0.000000  13.999768   0.000000   0.000000  -0.000000   0.000094   0.000000  -0.000000  -0.000000 -28.000058   0.000000  -0.000000  -0.000000  -0.000000   0.000000  -0.000000
-15.069973   6.224744 -19.312986  -0.000000 -28.505270  -0.585569  -1.014134  -0.000000 -15.069756 -19.837617  -4.265722  -0.000000  -2.664440  -1.940852  -4.620226  -0.000000   0.281235   0.243458   0.421654   0.000000  -2.664504  -3.030848  -3.991338   0.000000  -2.148672  -8.308026  -2.148456  -4.432342  -1.983319  -4.432650
-13.613194  -7.798850 -17.353105  -0.000000  -0.585569 -47.897200   6.253292  -0.000000  19.837617  15.251007   4.045314   0.000000   4.971644   7.314418   6.839009  -0.000000  -0.243458  -2.759155   2.801389   0.000000  -3.030848  -0.150015  -2.529809   0.000000   1.538582 -12.401839  -1.129109   3.510410   1.690845  -1.681782
 15.046811  -9.262755   7.566651  -0.000000  -1.014134   6.253292 -40.676373  -0.000000  -4.265722  -4.045314 -15.481765  -0.000000  -0.629166   1.779476   2.338102   0.000000  -0.421654   2.801389   0.475417   0.000000   3.991338   2.529809   9.802997   0.000000  -0.415407 -21.481316   1.124680   0.084724   2.928650   3.082368
  0.000000  -0.000000   0.000000 -28.000058  -0.000000  -0.000000  -0.000000 -42.000187   0.000000  -0.000000   0.000000 -27.999884   0.000000   0.000000   0.000000   0.000094  -0.000000   0.000000  -0.000000  14.000116  -0.000000   0.000000   0.000000  -0.000187  -0.000000   0.000000  -0.000000  -0.000000   0.000000  -0.000000
 -2.664440   1.940852  -4.620226  -0.000000 -15.069756  19.837617  -4.265722   0.000000 -28.505270   0.585569  -1.014134   0.000000 -15.069973  -6.224744 -19.312986   0.000000  -2.664504   3.030848  -3.991338   0.000000   0.281235  -0.243458   0.421654  -0.000000  -4.432342  -2.148456  -8.308026  -2.148672  -4.432650  -1.983319
 -4.971644   7.314418  -6.839009  -0.000000 -19.837617  15.251007  -4.045314  -0.000000   0.585569 -47.897200  -6.253292  -0.000000  13.613194  -7.798850  17.353105   0.000000   3.030848  -0.150015   2.529809   0.000000   0.243458  -2.759155  -2.801389  -0.000000  -3.510410   1.129109  12.401839  -1.538582   1.681782  -1.690845
 -0.629166  -1.779476   2.338102   0.000000  -4.265722   4.045314 -15.481765   0.000000  -1.014134  -6.253292 -40.676373   0.000000  15.046811   9.262755   7.566651   0.000000   3.991338  -2.529809   9.802997  -0.000000  -0.421654  -2.801389   0.475417   0.000000   0.084724   1.124680 -21.481316  -0.415407   3.082368   2.928650
  0.000000   0.000000   0.000000   0.000094  -0.000000   0.000000  -0.000000 -27.999884   0.000000  -0.000000   0.000000 -42.000187   0.000000   0.000000   0.000000 -28.000058  -0.000000   0.000000  -0.000000  -0.000187  -0.000000   0.000000   0.000000  14.000116  -0.000000   0.000000  -0.000000  -0.000000   0.000000  -0.000000
  0.280979  -0.487029  -0.000000   0.000000  -2.664440   4.971644  -0.629166   0.000000 -15.069973  13.613194  15.046811   0.000000 -28.504920   1.171005  -0.000000   0.000000 -15.069973  13.613194 -15.046811  -0.000000  -2.664440   4.971644   0.629166  -0.000000  -1.983003  -4.432234  -2.148768  -8.308391  -2.148768  -4.432234
  0.487029   2.092071  -0.000000   0.000000  -1.940852   7.314418   1.779476   0.000000  -6.224744  -7.798850   9.262755   0.000000   1.171005 -37.066562   0.000000   0.000000  -6.224744  -7.798850  -9.262755  -0.000000  -1.940852   7.314418  -1.779476  -0.000000  -3.381618  -1.828590  -0.409640  24.804263  -0.409640  -1.828590
 -0.000000  -0.000000  -4.376523  -0.000000  -4.620226   6.839009   2.338102   0.000000 -19.312986  17.353105   7.566651   0.000000  -0.000000   0.000000 -51.508091  -0.000000  19.312986 -17.353105   7.566651   0.000000   4.620226  -6.839009   2.338102   0.000000  -0.000000  -2.997328   1.540506   0.000000  -1.540506   2.997328
  0.000000   0.000000  -0.000000  13.999768  -0.000000  -0.000000   0.000000   0.000094   0.000000   0.000000   0.000000 -28.000058   0.000000   0.000000  -0.000000 -41.999625   0.000000  -0.000000   0.000000 -28.000058  -0.000000   0.000000  -0.000000   0.000094   0.000000  -0.000000  -0.000000  -0.000000  -0.000000   0.000000
 -2.664440   1.940852   4.620226   0.000000   0.281235  -0.243458  -0.421654  -0.000000  -2.664504   3.030848   3.991338  -0.000000 -15.069973  -6.224744  19.312986   0.000000 -28.505270   0.585569   1.014134   0.000000 -15.069756  19.837617   4.265722   0.000000  -4.432342  -1.983319  -4.432650  -2.148672  -8.308026  -2.148456
 -4.971644   7.314418   6.839009   0.000000   0.243458  -2.759155   2.801389   0.000000   3.030848  -0.150015  -2.529809   0.000000  13.613194  -7.798850 -17.353105  -0.000000   0.585569 -47.897200   6.253292  -0.000000 -19.837617  15.251007   4.045314  -0.000000  -3.510410  -1.690845   1.681782  -1.538582  12.401839   1.129109
  0.629166   1.779476   2.338102  -0.000000   0.421654   2.801389   0.475417  -0.000000  -3.991338   2.529809   9.802997  -0.000000 -15.046811  -9.262755   7.566651   0.000000   1.014134   6.253292 -40.676373   0.000000   4.265722  -4.045314 -15.481765   0.000000  -0.084724  -2.928650  -3.082368   0.415407  21.481316  -1.124680
 -0.000000  -0.000000  -0.000000   0.000094   0.000000   0.000000   0.000000  14.000116   0.000000   0.000000  -0.000000  -0.000187  -0.000000  -0.000000   0.000000 -28.000058   0.000000  -0.000000   0.000000 -42.000187  -0.000000  -0.000000  -0.000000 -27.999884  -0.000000  -0.000000   0.000000   0.000000  -0.000000   0.000000
-15.069973   6.224744  19.312986   0.000000  -2.664504  -3.030848   3.991338  -0.000000   0.281235   0.243458  -0.421654  -0.000000  -2.664440  -1.940852   4.620226  -0.000000 -15.069756 -19.837617   4.265722  -0.000000 -28.505270  -0.585569   1.014134   0.000000  -2.148672  -4.432650  -1.983319  -4.432342  -2.148456  -8.308026
-13.613194  -7.798850  17.353105  -0.000000  -3.030848  -0.150015   2.529809   0.000000  -0.243458  -2.759155  -2.801389   0.000000   4.971644   7.314418  -6.839009   0.000000  19.837617  15.251007  -4.045314  -0.000000  -0.585569 -47.897200  -6.253292   0.000000   1.538582  -1.681782   1.690845   3.510410  -1.129109 -12.401839
-15.046811   9.262755   7.566651  -0.000000  -3.991338  -2.529809   9.802997   0.000000   0.421654  -2.801389   0.475417   0.000000   0.629166  -1.779476   2.338102  -0.000000   4.265722   4.045314 -15.481765  -0.000000   1.014134  -6.253292 -40.676373   0.000000   0.415407  -3.082368  -2.928650  -0.084724  -1.124680  21.481316
 -0.000000  -0.000000  -0.000000 -28.000058   0.000000   0.000000   0.000000  -0.000187  -0.000000  -0.000000   0.000000  14.000116  -0.000000  -0.000000   0.000000   0.000094   0.000000  -0.000000   0.000000 -27.999884   0.000000   0.000000   0.000000 -42.000187  -0.000000   0.000000   0.000000   0.000000   0.000000  -0.000000
 -8.308391 -24.804263   0.000000   0.000000  -2.148672   1.538582  -0.415407  -0.000000  -4.432342  -3.510410   0.084724  -0.000000  -1.983003  -3.381618  -0.000000   0.000000  -4.432342  -3.510410  -0.084724  -0.000000  -2.148672   1.538582   0.415407  -0.000000 -21.823081   3.505414   1.332385  -1.099508   1.332385   3.505414
 -2.148768   0.409640   1.540506  -0.000000  -8.308026 -12.401839 -21.481316   0.000000  -2.148456   1.129109   1.124680   0.000000  -4.432234  -1.828590  -2.997328  -0.000000  -1.983319  -1.690845  -2.928650  -0.000000  -4.432650  -1.681782  -3.082368   0.000000   3.505414 -21.823332   3.505327   1.332385  -1.099256   1.332631
 -4.432234   1.828590  -2.997328  -0.000000  -2.148456  -1.129109   1.124680  -0.000000  -8.308026  12.401839 -21.481316  -0.000000  -2.148768  -0.409640   1.540506  -0.000000  -4.432650   1.681782  -3.082368   0.000000  -1.983319   1.690845  -2.928650   0.000000   1.332385   3.505327 -21.823332   3.505414   1.332631  -1.099256
 -1.983003   3.381618   0.000000  -0.000000  -4.432342   3.510410   0.084724  -0.000000  -2.148672  -1.538582  -0.415407  -0.000000  -8.308391  24.804263   0.000000  -0.000000  -2.148672  -1.538582   0.415407   0.000000  -4.432342   3.510410  -0.084724   0.000000  -1.099508   1.332385   3.505414 -21.823081   3.505414   1.332385
 -4.432234   1.828590   2.997328   0.000000  -1.983319   1.690845   2.928650   0.000000  -4.432650   1.681782   3.082368   0.000000  -2.148768  -0.409640  -1.540506  -0.000000  -8.308026  12.401839  21.481316  -0.000000  -2.148456  -1.129109  -1.124680   0.000000   1.332385  -1.099256   1.332631   3.505414 -21.823332   3.505327
 -2.148768   0.409640  -1.540506  -0.000000  -4.432650  -1.681782   3.082368  -0.000000  -1.983319  -1.690845   2.928650  -0.000000  -4.432234  -1.828590   2.997328   0.000000  -2.148456   1.129109  -1.124680   0.000000  -8.308026 -12.401839  21.481316  -0.000000   3.505414   1.332631  -1.099256   1.332385   3.505327 -21.823332
y
-17.827407   0.000000   0.000000   0.000000 -16.618031   0.000000   0.000000   0.000000 -16.002003   0.000000   0.000000   0.000000 -16.017266   0.000000   0.000000   0.000000 -16.002003   0.000000   0.000000   0.000000 -16.618031   0.000000   0.000000   0.000000  -4.425268  -4.049092  -4.062878  -4.053650  -4.062878  -4.049092
  0.000000   0.000000   0.000000   0.000000   0.000000   0.000000   0.000000   0.000000   0.000000   0.000000   0.000000   0.000000   0.000000   0.000000   0.000000   0.000000   0.000000   0.000000   0.000000   0.000000   0.000000   0.000000   0.000000   0.000000   0.000000   0.000000   0.000000   0.000000   0.000000   0.000000
  0.000000   0.000000   0.000000   0.000000   0.000000   0.000000   0.000000   0.000000   0.000000   0.000000   0.000000   0.000000   0.000000   0.000000   0.000000   0.000000   0.000000   0.000000   0.000000   0.000000   0.000000   0.000000   0.000000   0.000000   0.000000   0.000000   0.000000   0.000000   0.000000   0.000000
  0.000000   0.000000   0.000000   0.000000   0.000000   0.000000   0.000000   0.000000   0.000000   0.000000   0.000000   0.000000   0.000000   0.000000   0.000000   0.000000   0.000000   0.000000   0.000000   0.000000   0.000000   0.000000   0.000000   0.000000   0.000000   0.000000   0.000000   0.000000   0.000000   0.000000
-16.618031   0.000000   0.000000   0.000000 -17.827397   0.000000   0.000000   0.000000 -16.618023   0.000000   0.000000   0.000000 -16.002003   0.000000   0.000000   0.000000 -16.017269   0.000000   0.000000   0.000000 -16.002009   0.000000   0.000000   0.000000  -4.049089  -4.425269  -4.049092  -4.062878  -4.053655  -4.062882
  0.000000   0.000000   0.000000   0.000000   0.000000   0.000000   0.000000   0.000000   0.000000   0.000000   0.000000   0.000000   0.000000   0.000000   0.000000   0.000000   0.000000   0.000000   0.000000   0.000000   0.000000   0.000000   0.000000   0.000000   0.000000   0.000000   0.000000   0.000000   0.000000   0.000000
  0.000000   0.000000   0.000000   0.000000   0.000000   0.000000   0.000000   0.000000   0.000000   0.000000   0.000000   0.000000   0.000000   0.000000   0.000000   0.000000   0.000000   0.000000   0.000000   0.000000   0.000000   0.000000   0.000000   0.000000   0.000000   0.000000   0.000000   0.000000   0.000000   0.000000
  0.000000   0.000000   0.000000   0.000000   0.000000   0.000000   0.000000   0.000000   0.000000   0.000000   0.000000   0.000000   0.000000   0.000000   0.000000   0.000000   0.000000   0.000000   0.000000   0.000000   0.000000   0.000000   0.000000   0.000000   0.000000   0.000000   0.000000   0.000000   0.000000   0.000000
-16.002003   0.000000   0.000000   0.000000 -16.618023   0.000000   0.000000   0.000000 -17.827397   0.000000   0.000000   0.000000 -16.618031   0.000000   0.000000   0.000000 -16.002009   0.000000   0.000000   0.000000 -16.017269   0.000000   0.000000   0.000000  -4.062878  -4.049092  -4.425269  -4.049089  -4.062882  -4.053655
  0.000000   0.000000   0.000000   0.000000   0.000000   0.000000   0.000000   0.000000   0.000000   0.000000   0.000000   0.000000   0.000000   0.000000   0.000000   0.000000   0.000000   0.000000   0.000000   0.000000   0.000000   0.000000   0.000000   0.000000   0.000000   0.000000   0.000000   0.000000   0.000000   0.000000
  0.000000   0.000000   0.000000   0.000000   0.000000   0.000000   0.000000   0.000000   0.000000   0.000000   0.000000   0.000000   0.000000   0.000000   0.000000   0.000000   0.000000   0.000000   0.000000   0.000000   0.000000   0.000000   0.000000   0.000000   0.000000   0.000000   0.000000   0.000000   0.000000   0.000000
  0.000000   0.000000   0.000000   0.000000   0.000000   0.000000   0.000000   0.000000   0.000000   0.000000   0.000000   0.000000   0.000000   0.000000   0.000000   0.000000   0.000000   0.000000   0.000000   0.000000   0.000000   0.000000   0.000000   0.000000   0.000000   0.000000   0.000000   0.000000   0.000000   0.000000
-16.017266   0.000000   0.000000   0.000000 -16.002003   0.000000   0.000000   0.000000 -16.618031   0.000000   0.000000   0.000000 -17.827407   0.000000   0.000000   0.000000 -16.618031   0.000000   0.000000   0.000000 -16.002003   0.000000   0.000000   0.000000  -4.053650  -4.062878  -4.049092  -4.425268  -4.049092  -4.062878
  0.000000   0.000000   0.000000   0.000000   0.000000   0.000000   0.000000   0.000000   0.000000   0.000000   0.000000   0.000000   0.000000   0.000000   0.000000   0.000000   0.000000   0.000000   0.000000   0.000000   0.000000   0.000000   0.000000   0.000000   0.000000   0.000000   0.000000   0.000000   0.000000   0.000000
  0.000000   0.000000   0.000000   0.000000   0.000000   0.000000   0.000000   0.000000   0.000000   0.000000   0.000000   0.000000   0.000000   0.000000   0.000000   0.000000   0.000000   0.000000   0.000000   0.000000   0.000000   0.000000   0.000000   0.000000   0.000000   0.000000   0.000000   0.000000   0.000000   0.000000
  0.000000   0.000000   0.000000   0.000000   0.000000   0.000000   0.000000   0.000000   0.000000   0.000000   0.000000   0.000000   0.000000   0.000000   0.000000   0.000000   0.000000   0.000000   0.000000   0.000000   0.000000   0.000000   0.000000   0.000000   0.000000   0.000000   0.000000   0.000000   0.000000   0.000000
-16.002003   0.000000   0.000000   0.000000 -16.017269   0.000000   0.000000   0.000000 -16.002009   0.000000   0.000000   0.000000 -16.618031   0.000000   0.000000   0.000000 -17.827397   0.000000   0.000000   0.000000 -16.618023   0.000000   0.000000   0.000000  -4.062878  -4.053655  -4.062882  -4.049089  -4.425269  -4.049092
  0.000000   0.000000   0.000000   0.000000   0.000000   0.000000   0.000000   0.000000   0.000000   0.000000   0.000000   0.000000   0.000000   0.000000   0.000000   0.000000   0.000000   0.000000   0.000000   0.000000   0.000000   0.000000   0.000000   0.000000   0.000000   0.000000   0.000000   0.000000   0.000000   0.000000
  0.000000   0.000000   0.000000   0.000000   0.000000   0.000000   0.000000   0.000000   0.000000   0.000000   0.000000   0.000000   0.000000   0.000000   0.000000   0.000000   0.000000   0.000000   0.000000   0.000000   0.000000   0.000000   0.000000   0.000000   0.000000   0.000000   0.000000   0.000000   0.000000   0.000000
  0.000000   0.000000   0.000000   0.000000   0.000000   0.000000   0.000000   0.000000   0.000000   0.000000   0.000000   0.000000   0.000000   0.000000   0.000000   0.000000   0.000000   0.000000   0.000000   0.000000   0.000000   0.000000   0.000000   0.000000   0.000000   0.000000   0.000000   0.000000   0.000000   0.000000
-16.618031   0.000000   0.000000   0.000000 -16.002009   0.000000   0.000000   0.000000 -16.017269   0.000000   0.000000   0.000000 -16.002003   0.000000   0.000000   0.000000 -16.618023   0.000000   0.000000   0.000000 -17.827397   0.000000   0.000000   0.000000  -4.049089  -4.062882  -4.053655  -4.062878  -4.049092  -4.425269
  0.000000   0.000000   0.000000   0.000000   0.000000   0.000000   0.000000   0.000000   0.000000   0.000000   0.000000   0.000000   0.000000   0.000000   0.000000   0.000000   0.000000   0.000000   0.000000   0.000000   0.000000   0.000000   0.000000   0.000000   0.000000   0.000000   0.000000   0.000000   0.000000   0.000000
  0.000000   0.000000   0.000000   0.000000   0.000000   0.000000   0.000000   0.000000   0.000000   0.000000   0.000000   0.000000   0.000000   0.000000   0.000000   0.000000   0.000000   0.000000   0.000000   0.000000   0.000000   0.000000   0.000000   0.000000   0.000000   0.000000   0.000000   0.000000   0.000000   0.000000
  0.000000   0.000000   0.000000   0.000000   0.000000   0.000000   0.000000   0.000000   0.000000   0.000000   0.000000   0.000000   0.000000   0.000000   0.000000   0.000000   0.000000   0.000000   0.000000   0.000000   0.000000   0.000000   0.000000   0.000000   0.000000   0.000000   0.000000   0.000000   0.000000   0.000000
 -4.425268   0.000000   0.000000   0.000000  -4.049089   0.000000   0.000000   0.000000  -4.062878   0.000000   0.000000   0.000000  -4.053650   0.000000   0.000000   0.000000  -4.062878   0.000000   0.000000   0.000000  -4.049089   0.000000   0.000000   0.000000  -1.689838  -0.973849  -0.957626  -0.956755  -0.957626  -0.973849
 -4.049092   0.000000   0.000000   0.000000  -4.425269   0.000000   0.000000   0.000000  -4.049092   0.000000   0.000000   0.000000  -4.062878   0.000000   0.000000   0.000000  -4.053655   0.000000   0.000000   0.000000  -4.062882   0.000000   0.000000   0.000000  -0.973849  -1.689849  -0.973845  -0.957626  -0.956748  -0.957624
 -4.062878   0.000000   0.000000   0.000000  -4.049092   0.000000   0.000000   0.000000  -4.425269   0.000000   0.000000   0.000000  -4.049092   0.000000   0.000000   0.000000  -4.062882   0.000000   0.000000   0.000000  -4.053655   0.000000   0.000000   0.000000  -0.957626  -0.973845  -1.689849  -0.973849  -0.957624  -0.956748
 -4.053650   0.000000   0.000000   0.000000  -4.062878   0.000000   0.000000   0.000000  -4.049089   0.000000   0.000000   0.000000  -4.425268   0.000000   0.000000   0.000000  -4.049089   0.000000   0.000000   0.000000  -4.062878   0.000000   0.000000   0.000000  -0.956755  -0.957626  -0.973849  -1.689838  -0.973849  -0.957626
 -4.062878   0.000000   0.000000   0.000000  -4.053655   0.000000   0.000000   0.000000  -4.062882   0.000000   0.000000   0.000000  -4.049092   0.000000   0.000000   0.000000  -4.425269   0.000000   0.000000   0.000000  -4.049092   0.000000   0.000000   0.000000  -0.957626  -0.956748  -0.957624  -0.973849  -1.689849  -0.973845
 -4.049092   0.000000   0.000000   0.000000  -4.062882   0.000000   0.000000   0.000000  -4.053655   0.000000   0.000000   0.000000  -4.062878   0.000000   0.000000   0.000000  -4.049092   0.000000   0.000000   0.000000  -4.425269   0.000000   0.000000   0.000000  -0.973849  -0.957624  -0.956748  -0.957626  -0.973845  -1.689849
Suv_RA (A is the center of u)
s 00/dR_A is: x:+0.0000 y:+0.0000 z: +0.0000
s 01/dR_A is: x:+0.0000 y:-0.0000 z: -0.0000
s 02/dR_A is: x:-0.1791 y:+0.1103 z: -0.0901
s 03/dR_A is: x:+0.0592 y:-0.0871 z: +0.0814
s 04/dR_A is: x:-0.1527 y:+0.2645 z: +0.0000
s 05/dR_A is: x:+0.2922 y:+0.1122 z: +0.0000
s 06/dR_A is: x:+0.1122 y:+0.1626 z: +0.0000
s 07/dR_A is: x:+0.0000 y:+0.0000 z: +0.3570
s 08/dR_A is: x:-0.2490 y:+0.1438 z: +0.0000
s 09/dR_A is: x:-0.0884 y:+0.1531 z: +0.0000
s 010/dR_A is: x:+0.1531 y:+0.0884 z: +0.0000
s 011/dR_A is: x:+0.0000 y:+0.0000 z: +0.1768
s 012/dR_A is: x:-0.2473 y:+0.0000 z: +0.0000
s 013/dR_A is: x:-0.1953 y:+0.0000 z: +0.0000
s 014/dR_A is: x:+0.0000 y:+0.1278 z: +0.0000
s 015/dR_A is: x:+0.0000 y:+0.0000 z: +0.1278
s 016/dR_A is: x:-0.2490 y:-0.1438 z: +0.0000
s 017/dR_A is: x:-0.0884 y:-0.1531 z: +0.0000
s 018/dR_A is: x:-0.1531 y:+0.0884 z: +0.0000
s 019/dR_A is: x:+0.0000 y:+0.0000 z: +0.1768
s 020/dR_A is: x:-0.1527 y:-0.2645 z: +0.0000
s 021/dR_A is: x:+0.2922 y:-0.1122 z: +0.0000
s 022/dR_A is: x:-0.1122 y:+0.1626 z: +0.0000
s 023/dR_A is: x:+0.0000 y:+0.0000 z: +0.3570
s 024/dR_A is: x:+0.2873 y:+0.0000 z: +0.0000
s 025/dR_A is: x:-0.0212 y:+0.2947 z: +0.0000
s 026/dR_A is: x:-0.1193 y:+0.0973 z: +0.0000
s 027/dR_A is: x:-0.1087 y:+0.0000 z: +0.0000
s 028/dR_A is: x:-0.1193 y:-0.0973 z: +0.0000
s 029/dR_A is: x:-0.0212 y:-0.2947 z: +0.0000
s 10/dR_A is: x:+0.0000 y:+0.1794 z: +0.1621
s 11/dR_A is: x:+0.5000 y:+0.0000 z: +0.0000
s 12/dR_A is: x:+0.0000 y:+0.0121 z: -0.0744
s 13/dR_A is: x:+0.0000 y:+0.2362 z: -0.1816
s 14/dR_A is: x:-0.2922 y:-0.1122 z: +0.0000
s 15/dR_A is: x:-0.5362 y:+0.2391 z: +0.0000
s 16/dR_A is: x:+0.2391 y:-0.0161 z: +0.0000
s 17/dR_A is: x:+0.0000 y:+0.0000 z: -0.1991
s 18/dR_A is: x:+0.0884 y:-0.1531 z: +0.0000
s 19/dR_A is: x:-0.1945 y:-0.1296 z: +0.0000
s 110/dR_A is: x:-0.1296 y:-0.0648 z: +0.0000
s 111/dR_A is: x:+0.0000 y:+0.0000 z: -0.2095
s 112/dR_A is: x:+0.1953 y:+0.0000 z: +0.0000
s 113/dR_A is: x:+0.0583 y:+0.0000 z: +0.0000
s 114/dR_A is: x:+0.0000 y:-0.1804 z: +0.0000
s 115/dR_A is: x:+0.0000 y:+0.0000 z: -0.1804
s 116/dR_A is: x:+0.0884 y:+0.1531 z: +0.0000
s 117/dR_A is: x:-0.1945 y:+0.1296 z: +0.0000
s 118/dR_A is: x:+0.1296 y:-0.0648 z: +0.0000
s 119/dR_A is: x:+0.0000 y:+0.0000 z: -0.2095
s 120/dR_A is: x:-0.2922 y:+0.1122 z: +0.0000
s 121/dR_A is: x:-0.5362 y:-0.2391 z: +0.0000
s 122/dR_A is: x:-0.2391 y:-0.0161 z: +0.0000
s 123/dR_A is: x:+0.0000 y:+0.0000 z: -0.1991
s 124/dR_A is: x:-0.1556 y:+0.0000 z: +0.0000
s 125/dR_A is: x:-0.2052 y:-0.0286 z: +0.0000
s 126/dR_A is: x:+0.0681 y:-0.1059 z: +0.0000
s 127/dR_A is: x:+0.1184 y:+0.0000 z: +0.0000
s 128/dR_A is: x:+0.0681 y:+0.1059 z: +0.0000
s 129/dR_A is: x:-0.2052 y:+0.0286 z: +0.0000
s 20/dR_A is: x:-0.1791 y:-0.0000 z: +0.0317
s 21/dR_A is: x:+0.0000 y:+0.3333 z: +0.0000
s 22/dR_A is: x:+0.4842 y:+0.0000 z: +0.0508
s 23/dR_A is: x:+0.0482 y:+0.0000 z: -0.0070
s 24/dR_A is: x:-0.1122 y:-0.1626 z: +0.0000
s 25/dR_A is: x:+0.2391 y:-0.0161 z: +0.0000
s 26/dR_A is: x:-0.0161 y:+0.7173 z: +0.0000
s 27/dR_A is: x:+0.0000 y:+0.0000 z: +0.3448
s 28/dR_A is: x:-0.1531 y:-0.0884 z: +0.0000
s 29/dR_A is: x:-0.1296 y:-0.0648 z: +0.0000
s 210/dR_A is: x:-0.0648 y:+0.2793 z: +0.0000
s 211/dR_A is: x:+0.0000 y:+0.0000 z: +0.1209
s 212/dR_A is: x:+0.0000 y:-0.1278 z: +0.0000
s 213/dR_A is: x:+0.0000 y:-0.1804 z: +0.0000
s 214/dR_A is: x:-0.1804 y:+0.0000 z: +0.0000
s 215/dR_A is: x:+0.0000 y:+0.0000 z: +0.0000
s 216/dR_A is: x:+0.1531 y:-0.0884 z: +0.0000
s 217/dR_A is: x:+0.1296 y:-0.0648 z: +0.0000
s 218/dR_A is: x:-0.0648 y:-0.2793 z: +0.0000
s 219/dR_A is: x:+0.0000 y:+0.0000 z: -0.1209
s 220/dR_A is: x:+0.1122 y:-0.1626 z: +0.0000
s 221/dR_A is: x:-0.2391 y:-0.0161 z: +0.0000
s 222/dR_A is: x:-0.0161 y:-0.7173 z: +0.0000
s 223/dR_A is: x:+0.0000 y:+0.0000 z: -0.3448
s 224/dR_A is: x:+0.0000 y:-0.4732 z: +0.0000
s 225/dR_A is: x:-0.0286 y:+0.1905 z: +0.0000
s 226/dR_A is: x:-0.1059 y:+0.0245 z: +0.0000
s 227/dR_A is: x:+0.0000 y:-0.0376 z: +0.0000
s 228/dR_A is: x:+0.1059 y:+0.0245 z: +0.0000
s 229/dR_A is: x:+0.0286 y:+0.1905 z: +0.0000
s 30/dR_A is: x:+0.0592 y:+0.0075 z: -0.0000
s 31/dR_A is: x:+0.0000 y:-0.0000 z: -0.0000
s 32/dR_A is: x:+0.0482 y:+0.1843 z: +0.0000
s 33/dR_A is: x:+0.5702 y:+0.0744 z: +0.0000
s 34/dR_A is: x:+0.0000 y:+0.0000 z: -0.3570
s 35/dR_A is: x:+0.0000 y:+0.0000 z: -0.1991
s 36/dR_A is: x:+0.0000 y:+0.0000 z: +0.3448
s 37/dR_A is: x:-0.1991 y:+0.3448 z: +0.0000
s 38/dR_A is: x:+0.0000 y:+0.0000 z: -0.1768
s 39/dR_A is: x:+0.0000 y:+0.0000 z: -0.2095
s 310/dR_A is: x:+0.0000 y:+0.0000 z: +0.1209
s 311/dR_A is: x:-0.2095 y:+0.1209 z: +0.0000
s 312/dR_A is: x:+0.0000 y:+0.0000 z: -0.1278
s 313/dR_A is: x:+0.0000 y:+0.0000 z: -0.1804
s 314/dR_A is: x:+0.0000 y:+0.0000 z: +0.0000
s 315/dR_A is: x:-0.1804 y:+0.0000 z: +0.0000
s 316/dR_A is: x:+0.0000 y:+0.0000 z: -0.1768
s 317/dR_A is: x:+0.0000 y:+0.0000 z: -0.2095
s 318/dR_A is: x:+0.0000 y:+0.0000 z: -0.1209
s 319/dR_A is: x:-0.2095 y:-0.1209 z: +0.0000
s 320/dR_A is: x:+0.0000 y:+0.0000 z: -0.3570
s 321/dR_A is: x:+0.0000 y:+0.0000 z: -0.1991
s 322/dR_A is: x:+0.0000 y:+0.0000 z: -0.3448
s 323/dR_A is: x:-0.1991 y:-0.3448 z: +0.0000
s 324/dR_A is: x:+0.0000 y:+0.0000 z: -0.4732
s 325/dR_A is: x:+0.0000 y:+0.0000 z: -0.2073
s 326/dR_A is: x:+0.0000 y:+0.0000 z: -0.0619
s 327/dR_A is: x:+0.0000 y:+0.0000 z: -0.0376
s 328/dR_A is: x:+0.0000 y:+0.0000 z: -0.0619
s 329/dR_A is: x:+0.0000 y:+0.0000 z: -0.2073
s 40/dR_A is: x:+0.1527 y:-0.2645 z: +0.0000
s 41/dR_A is: x:+0.2922 y:+0.1122 z: +0.0000
s 42/dR_A is: x:+0.1122 y:+0.1626 z: +0.0000
s 43/dR_A is: x:+0.0000 y:+0.0000 z: +0.3570
s 44/dR_A is: x:+0.3393 y:-0.0139 z: +0.0000
s 45/dR_A is: x:-0.0000 y:-0.0000 z: +0.0000
s 46/dR_A is: x:+0.1791 y:+0.1103 z: -0.0901
s 47/dR_A is: x:-0.0592 y:-0.0871 z: +0.0814
s 48/dR_A is: x:-0.3055 y:-0.0000 z: +0.0000
s 49/dR_A is: x:+0.0978 y:-0.0000 z: +0.0000
s 410/dR_A is: x:+0.0000 y:+0.3570 z: +0.0000
s 411/dR_A is: x:+0.0000 y:+0.0000 z: +0.3570
s 412/dR_A is: x:-0.2490 y:-0.1438 z: +0.0000
s 413/dR_A is: x:-0.0884 y:-0.1531 z: +0.0000
s 414/dR_A is: x:-0.1531 y:+0.0884 z: +0.0000
s 415/dR_A is: x:+0.0000 y:+0.0000 z: +0.1768
s 416/dR_A is: x:-0.1237 y:-0.2142 z: +0.0000
s 417/dR_A is: x:+0.0470 y:-0.1399 z: +0.0000
s 418/dR_A is: x:-0.1399 y:-0.1145 z: +0.0000
s 419/dR_A is: x:+0.0000 y:+0.0000 z: +0.1278
s 420/dR_A is: x:-0.0000 y:-0.2875 z: +0.0000
s 421/dR_A is: x:+0.1768 y:-0.0000 z: +0.0000
s 422/dR_A is: x:-0.0000 y:-0.1768 z: +0.0000
s 423/dR_A is: x:+0.0000 y:+0.0000 z: +0.1768
s 424/dR_A is: x:+0.2447 y:-0.1657 z: +0.0000
s 425/dR_A is: x:+0.1436 y:+0.2488 z: +0.0000
s 426/dR_A is: x:-0.2658 y:+0.1290 z: +0.0000
s 427/dR_A is: x:-0.1439 y:-0.0547 z: +0.0000
s 428/dR_A is: x:-0.0543 y:-0.0941 z: +0.0000
s 429/dR_A is: x:+0.0246 y:-0.1520 z: +0.0000
s 50/dR_A is: x:-0.2922 y:-0.1122 z: +0.0000
s 51/dR_A is: x:+0.5362 y:-0.2391 z: +0.0000
s 52/dR_A is: x:-0.2391 y:+0.0161 z: +0.0000
s 53/dR_A is: x:+0.0000 y:+0.0000 z: +0.1991
s 54/dR_A is: x:-0.0000 y:+0.1794 z: -0.1621
s 55/dR_A is: x:+0.5000 y:-0.0000 z: +0.0000
s 56/dR_A is: x:-0.0000 y:-0.0121 z: -0.0744
s 57/dR_A is: x:-0.0000 y:-0.2362 z: -0.1816
s 58/dR_A is: x:-0.0978 y:+0.0000 z: +0.0000
s 59/dR_A is: x:-0.7063 y:-0.0000 z: +0.0000
s 510/dR_A is: x:+0.0000 y:-0.3981 z: +0.0000
s 511/dR_A is: x:+0.0000 y:+0.0000 z: -0.3981
s 512/dR_A is: x:+0.0884 y:+0.1531 z: +0.0000
s 513/dR_A is: x:-0.1945 y:+0.1296 z: +0.0000
s 514/dR_A is: x:+0.1296 y:-0.0648 z: +0.0000
s 515/dR_A is: x:+0.0000 y:+0.0000 z: -0.2095
s 516/dR_A is: x:-0.0470 y:+0.1399 z: +0.0000
s 517/dR_A is: x:-0.1957 y:-0.0264 z: +0.0000
s 518/dR_A is: x:-0.0264 y:+0.1346 z: +0.0000
s 519/dR_A is: x:+0.0000 y:+0.0000 z: -0.0902
s 520/dR_A is: x:-0.1768 y:-0.0000 z: +0.0000
s 521/dR_A is: x:+0.0000 y:-0.2419 z: +0.0000
s 522/dR_A is: x:-0.2419 y:-0.0000 z: +0.0000
s 523/dR_A is: x:+0.0000 y:+0.0000 z: +0.0000
s 524/dR_A is: x:+0.0668 y:-0.1856 z: +0.0000
s 525/dR_A is: x:-0.3938 y:+0.1375 z: +0.0000
s 526/dR_A is: x:+0.1163 y:-0.1571 z: +0.0000
s 527/dR_A is: x:+0.1271 y:+0.0718 z: +0.0000
s 528/dR_A is: x:+0.0014 y:+0.0675 z: +0.0000
s 529/dR_A is: x:-0.0563 y:-0.0341 z: +0.0000
s 60/dR_A is: x:-0.1122 y:-0.1626 z: +0.0000
s 61/dR_A is: x:-0.2391 y:+0.0161 z: +0.0000
s 62/dR_A is: x:+0.0161 y:-0.7173 z: +0.0000
s 63/dR_A is: x:+0.0000 y:+0.0000 z: -0.3448
s 64/dR_A is: x:+0.1791 y:+0.0000 z: +0.0317
s 65/dR_A is: x:-0.0000 y:+0.3333 z: +0.0000
s 66/dR_A is: x:+0.4842 y:-0.0000 z: -0.0508
s 67/dR_A is: x:+0.0482 y:+0.0000 z: +0.0070
s 68/dR_A is: x:+0.0000 y:-0.3570 z: +0.0000
s 69/dR_A is: x:-0.0000 y:-0.3981 z: +0.0000
s 610/dR_A is: x:-0.3981 y:-0.0000 z: +0.0000
s 611/dR_A is: x:+0.0000 y:+0.0000 z: -0.0000
s 612/dR_A is: x:+0.1531 y:-0.0884 z: +0.0000
s 613/dR_A is: x:+0.1296 y:-0.0648 z: +0.0000
s 614/dR_A is: x:-0.0648 y:-0.2793 z: +0.0000
s 615/dR_A is: x:+0.0000 y:+0.0000 z: -0.1209
s 616/dR_A is: x:+0.1399 y:+0.1145 z: +0.0000
s 617/dR_A is: x:-0.0264 y:+0.1346 z: +0.0000
s 618/dR_A is: x:+0.1346 y:-0.0793 z: +0.0000
s 619/dR_A is: x:+0.0000 y:+0.0000 z: -0.1562
s 620/dR_A is: x:-0.0000 y:+0.1768 z: +0.0000
s 621/dR_A is: x:-0.2419 y:+0.0000 z: +0.0000
s 622/dR_A is: x:-0.0000 y:-0.0576 z: +0.0000
s 623/dR_A is: x:+0.0000 y:+0.0000 z: -0.2419
s 624/dR_A is: x:-0.1856 y:-0.0815 z: +0.0000
s 625/dR_A is: x:+0.1375 y:-0.2350 z: +0.0000
s 626/dR_A is: x:-0.1571 y:-0.1310 z: +0.0000
s 627/dR_A is: x:+0.0718 y:-0.0346 z: +0.0000
s 628/dR_A is: x:+0.0675 y:+0.0794 z: +0.0000
s 629/dR_A is: x:-0.0341 y:+0.1489 z: +0.0000
s 70/dR_A is: x:+0.0000 y:+0.0000 z: -0.3570
s 71/dR_A is: x:+0.0000 y:+0.0000 z: +0.1991
s 72/dR_A is: x:+0.0000 y:+0.0000 z: -0.3448
s 73/dR_A is: x:+0.1991 y:-0.3448 z: +0.0000
s 74/dR_A is: x:-0.0592 y:-0.0075 z: +0.0000
s 75/dR_A is: x:-0.0000 y:+0.0000 z: -0.0000
s 76/dR_A is: x:+0.0482 y:+0.1843 z: -0.0000
s 77/dR_A is: x:+0.5702 y:+0.0744 z: -0.0000
s 78/dR_A is: x:+0.0000 y:+0.0000 z: -0.3570
s 79/dR_A is: x:+0.0000 y:+0.0000 z: -0.3981
s 710/dR_A is: x:+0.0000 y:+0.0000 z: +0.0000
s 711/dR_A is: x:-0.3981 y:-0.0000 z: +0.0000
s 712/dR_A is: x:+0.0000 y:+0.0000 z: -0.1768
s 713/dR_A is: x:+0.0000 y:+0.0000 z: -0.2095
s 714/dR_A is: x:+0.0000 y:+0.0000 z: -0.1209
s 715/dR_A is: x:-0.2095 y:-0.1209 z: +0.0000
s 716/dR_A is: x:+0.0000 y:+0.0000 z: -0.1278
s 717/dR_A is: x:+0.0000 y:+0.0000 z: -0.0902
s 718/dR_A is: x:+0.0000 y:+0.0000 z: -0.1562
s 719/dR_A is: x:-0.0902 y:-0.1562 z: +0.0000
s 720/dR_A is: x:+0.0000 y:+0.0000 z: -0.1768
s 721/dR_A is: x:+0.0000 y:+0.0000 z: -0.0000
s 722/dR_A is: x:+0.0000 y:+0.0000 z: -0.2419
s 723/dR_A is: x:+0.0000 y:-0.2419 z: +0.0000
s 724/dR_A is: x:+0.0000 y:+0.0000 z: -0.2073
s 725/dR_A is: x:+0.0000 y:+0.0000 z: -0.4732
s 726/dR_A is: x:+0.0000 y:+0.0000 z: -0.2073
s 727/dR_A is: x:+0.0000 y:+0.0000 z: -0.0619
s 728/dR_A is: x:+0.0000 y:+0.0000 z: -0.0376
s 729/dR_A is: x:+0.0000 y:+0.0000 z: -0.0619
s 80/dR_A is: x:+0.2490 y:-0.1438 z: +0.0000
s 81/dR_A is: x:-0.0884 y:+0.1531 z: +0.0000
s 82/dR_A is: x:+0.1531 y:+0.0884 z: +0.0000
s 83/dR_A is: x:+0.0000 y:+0.0000 z: +0.1768
s 84/dR_A is: x:+0.3055 y:-0.0000 z: +0.0000
s 85/dR_A is: x:+0.0978 y:+0.0000 z: +0.0000
s 86/dR_A is: x:-0.0000 y:+0.3570 z: +0.0000
s 87/dR_A is: x:+0.0000 y:+0.0000 z: +0.3570
s 88/dR_A is: x:+0.6062 y:-0.0974 z: -0.0370
s 89/dR_A is: x:+0.0305 y:-0.0370 z: -0.0974
s 810/dR_A is: x:-0.1167 y:+0.0000 z: +0.0050
s 811/dR_A is: x:+0.1103 y:-0.0000 z: +0.0231
s 812/dR_A is: x:-0.1527 y:-0.2645 z: +0.0000
s 813/dR_A is: x:+0.2922 y:-0.1122 z: +0.0000
s 814/dR_A is: x:-0.1122 y:+0.1626 z: +0.0000
s 815/dR_A is: x:+0.0000 y:+0.0000 z: +0.3570
s 816/dR_A is: x:+0.0000 y:-0.2875 z: +0.0000
s 817/dR_A is: x:+0.1768 y:+0.0000 z: +0.0000
s 818/dR_A is: x:+0.0000 y:-0.1768 z: +0.0000
s 819/dR_A is: x:+0.0000 y:+0.0000 z: +0.1768
s 820/dR_A is: x:+0.1237 y:-0.2142 z: +0.0000
s 821/dR_A is: x:+0.0470 y:+0.1399 z: +0.0000
s 822/dR_A is: x:+0.1399 y:-0.1145 z: +0.0000
s 823/dR_A is: x:+0.0000 y:+0.0000 z: +0.1278
s 824/dR_A is: x:+0.1439 y:-0.0547 z: +0.0000
s 825/dR_A is: x:+0.2658 y:+0.1290 z: +0.0000
s 826/dR_A is: x:-0.1436 y:+0.2488 z: +0.0000
s 827/dR_A is: x:-0.2447 y:-0.1657 z: +0.0000
s 828/dR_A is: x:-0.0246 y:-0.1520 z: +0.0000
s 829/dR_A is: x:+0.0543 y:-0.0941 z: +0.0000
s 90/dR_A is: x:+0.0884 y:-0.1531 z: +0.0000
s 91/dR_A is: x:+0.1945 y:+0.1296 z: +0.0000
s 92/dR_A is: x:+0.1296 y:+0.0648 z: +0.0000
s 93/dR_A is: x:+0.0000 y:+0.0000 z: +0.2095
s 94/dR_A is: x:-0.0978 y:-0.0000 z: +0.0000
s 95/dR_A is: x:+0.7063 y:-0.0000 z: +0.0000
s 96/dR_A is: x:+0.0000 y:+0.3981 z: +0.0000
s 97/dR_A is: x:+0.0000 y:+0.0000 z: +0.3981
s 98/dR_A is: x:+0.0305 y:-0.0370 z: -0.0974
s 99/dR_A is: x:+0.6062 y:-0.0974 z: -0.0370
s 910/dR_A is: x:+0.0333 y:-0.0057 z: -0.0000
s 911/dR_A is: x:-0.0871 y:+0.0212 z: -0.0000
s 912/dR_A is: x:-0.2922 y:+0.1122 z: +0.0000
s 913/dR_A is: x:-0.5362 y:-0.2391 z: +0.0000
s 914/dR_A is: x:-0.2391 y:-0.0161 z: +0.0000
s 915/dR_A is: x:+0.0000 y:+0.0000 z: -0.1991
s 916/dR_A is: x:-0.1768 y:+0.0000 z: +0.0000
s 917/dR_A is: x:-0.0000 y:-0.2419 z: +0.0000
s 918/dR_A is: x:-0.2419 y:+0.0000 z: +0.0000
s 919/dR_A is: x:+0.0000 y:+0.0000 z: -0.0000
s 920/dR_A is: x:-0.0470 y:-0.1399 z: +0.0000
s 921/dR_A is: x:+0.1957 y:-0.0264 z: +0.0000
s 922/dR_A is: x:-0.0264 y:-0.1346 z: +0.0000
s 923/dR_A is: x:+0.0000 y:+0.0000 z: +0.0902
s 924/dR_A is: x:+0.1271 y:-0.0718 z: +0.0000
s 925/dR_A is: x:+0.1163 y:+0.1571 z: +0.0000
s 926/dR_A is: x:-0.3938 y:-0.1375 z: +0.0000
s 927/dR_A is: x:+0.0668 y:+0.1856 z: +0.0000
s 928/dR_A is: x:-0.0563 y:+0.0341 z: +0.0000
s 929/dR_A is: x:+0.0014 y:-0.0675 z: +0.0000
s 100/dR_A is: x:-0.1531 y:-0.0884 z: +0.0000
s 101/dR_A is: x:+0.1296 y:+0.0648 z: +0.0000
s 102/dR_A is: x:+0.0648 y:-0.2793 z: +0.0000
s 103/dR_A is: x:+0.0000 y:+0.0000 z: -0.1209
s 104/dR_A is: x:-0.0000 y:-0.3570 z: +0.0000
s 105/dR_A is: x:-0.0000 y:+0.3981 z: +0.0000
s 106/dR_A is: x:+0.3981 y:-0.0000 z: +0.0000
s 107/dR_A is: x:+0.0000 y:+0.0000 z: -0.0000
s 108/dR_A is: x:+0.0358 y:-0.0068 z: -0.0257
s 109/dR_A is: x:+0.0739 y:-0.0305 z: -0.0500
s 1010/dR_A is: x:-0.0014 y:-0.0187 z: +0.3580
s 1011/dR_A is: x:+0.0564 y:+0.0305 z: +0.0068
s 1012/dR_A is: x:+0.1122 y:-0.1626 z: +0.0000
s 1013/dR_A is: x:-0.2391 y:-0.0161 z: +0.0000
s 1014/dR_A is: x:-0.0161 y:-0.7173 z: +0.0000
s 1015/dR_A is: x:+0.0000 y:+0.0000 z: -0.3448
s 1016/dR_A is: x:+0.0000 y:+0.1768 z: +0.0000
s 1017/dR_A is: x:-0.2419 y:-0.0000 z: +0.0000
s 1018/dR_A is: x:+0.0000 y:-0.0576 z: +0.0000
s 1019/dR_A is: x:+0.0000 y:+0.0000 z: -0.2419
s 1020/dR_A is: x:-0.1399 y:+0.1145 z: +0.0000
s 1021/dR_A is: x:-0.0264 y:-0.1346 z: +0.0000
s 1022/dR_A is: x:-0.1346 y:-0.0793 z: +0.0000
s 1023/dR_A is: x:+0.0000 y:+0.0000 z: -0.1562
s 1024/dR_A is: x:-0.0718 y:-0.0346 z: +0.0000
s 1025/dR_A is: x:+0.1571 y:-0.1310 z: +0.0000
s 1026/dR_A is: x:-0.1375 y:-0.2350 z: +0.0000
s 1027/dR_A is: x:+0.1856 y:-0.0815 z: +0.0000
s 1028/dR_A is: x:+0.0341 y:+0.1489 z: +0.0000
s 1029/dR_A is: x:-0.0675 y:+0.0794 z: +0.0000
s 110/dR_A is: x:+0.0000 y:+0.0000 z: -0.1768
s 111/dR_A is: x:+0.0000 y:+0.0000 z: +0.2095
s 112/dR_A is: x:+0.0000 y:+0.0000 z: -0.1209
s 113/dR_A is: x:+0.2095 y:-0.1209 z: +0.0000
s 114/dR_A is: x:+0.0000 y:+0.0000 z: -0.3570
s 115/dR_A is: x:+0.0000 y:+0.0000 z: +0.3981
s 116/dR_A is: x:+0.0000 y:+0.0000 z: +0.0000
s 117/dR_A is: x:+0.3981 y:-0.0000 z: +0.0000
s 118/dR_A is: x:+0.0000 y:+0.1385 z: +0.2067
s 119/dR_A is: x:-0.0000 y:+0.0331 z: -0.0282
s 1110/dR_A is: x:+0.0069 y:-0.0514 z: -0.0488
s 1111/dR_A is: x:-0.4134 y:+0.0068 z: +0.0305
s 1112/dR_A is: x:+0.0000 y:+0.0000 z: -0.3570
s 1113/dR_A is: x:+0.0000 y:+0.0000 z: -0.1991
s 1114/dR_A is: x:+0.0000 y:+0.0000 z: -0.3448
s 1115/dR_A is: x:-0.1991 y:-0.3448 z: +0.0000
s 1116/dR_A is: x:+0.0000 y:+0.0000 z: -0.1768
s 1117/dR_A is: x:+0.0000 y:+0.0000 z: +0.0000
s 1118/dR_A is: x:+0.0000 y:+0.0000 z: -0.2419
s 1119/dR_A is: x:-0.0000 y:-0.2419 z: +0.0000
s 1120/dR_A is: x:+0.0000 y:+0.0000 z: -0.1278
s 1121/dR_A is: x:+0.0000 y:+0.0000 z: +0.0902
s 1122/dR_A is: x:+0.0000 y:+0.0000 z: -0.1562
s 1123/dR_A is: x:+0.0902 y:-0.1562 z: +0.0000
s 1124/dR_A is: x:+0.0000 y:+0.0000 z: -0.0619
s 1125/dR_A is: x:+0.0000 y:+0.0000 z: -0.2073
s 1126/dR_A is: x:+0.0000 y:+0.0000 z: -0.4732
s 1127/dR_A is: x:+0.0000 y:+0.0000 z: -0.2073
s 1128/dR_A is: x:+0.0000 y:+0.0000 z: -0.0619
s 1129/dR_A is: x:+0.0000 y:+0.0000 z: -0.0376
s 120/dR_A is: x:+0.2473 y:+0.0000 z: +0.0000
s 121/dR_A is: x:-0.1953 y:+0.0000 z: +0.0000
s 122/dR_A is: x:+0.0000 y:+0.1278 z: +0.0000
s 123/dR_A is: x:+0.0000 y:+0.0000 z: +0.1278
s 124/dR_A is: x:+0.2490 y:+0.1438 z: +0.0000
s 125/dR_A is: x:-0.0884 y:-0.1531 z: +0.0000
s 126/dR_A is: x:-0.1531 y:+0.0884 z: +0.0000
s 127/dR_A is: x:+0.0000 y:+0.0000 z: +0.1768
s 128/dR_A is: x:+0.1527 y:+0.2645 z: +0.0000
s 129/dR_A is: x:+0.2922 y:-0.1122 z: +0.0000
s 1210/dR_A is: x:-0.1122 y:+0.1626 z: +0.0000
s 1211/dR_A is: x:+0.0000 y:+0.0000 z: +0.3570
s 1212/dR_A is: x:+0.0592 y:-0.0871 z: -0.0814
s 1213/dR_A is: x:+0.1794 y:-0.0741 z: -0.2299
s 1214/dR_A is: x:-0.0000 y:+0.0000 z: +0.0000
s 1215/dR_A is: x:+0.0739 y:-0.0305 z: +0.0500
s 1216/dR_A is: x:+0.1527 y:-0.2645 z: +0.0000
s 1217/dR_A is: x:+0.2922 y:+0.1122 z: +0.0000
s 1218/dR_A is: x:+0.1122 y:+0.1626 z: +0.0000
s 1219/dR_A is: x:+0.0000 y:+0.0000 z: +0.3570
s 1220/dR_A is: x:+0.2490 y:-0.1438 z: +0.0000
s 1221/dR_A is: x:-0.0884 y:+0.1531 z: +0.0000
s 1222/dR_A is: x:+0.1531 y:+0.0884 z: +0.0000
s 1223/dR_A is: x:+0.0000 y:+0.0000 z: +0.1768
s 1224/dR_A is: x:+0.1087 y:+0.0000 z: +0.0000
s 1225/dR_A is: x:+0.1193 y:+0.0973 z: +0.0000
s 1226/dR_A is: x:+0.0212 y:+0.2947 z: +0.0000
s 1227/dR_A is: x:-0.2873 y:+0.0000 z: +0.0000
s 1228/dR_A is: x:+0.0212 y:-0.2947 z: +0.0000
s 1229/dR_A is: x:+0.1193 y:-0.0973 z: +0.0000
s 130/dR_A is: x:+0.1953 y:+0.0000 z: +0.0000
s 131/dR_A is: x:-0.0583 y:+0.0000 z: +0.0000
s 132/dR_A is: x:+0.0000 y:+0.1804 z: +0.0000
s 133/dR_A is: x:+0.0000 y:+0.0000 z: +0.1804
s 134/dR_A is: x:+0.0884 y:+0.1531 z: +0.0000
s 135/dR_A is: x:+0.1945 y:-0.1296 z: +0.0000
s 136/dR_A is: x:-0.1296 y:+0.0648 z: +0.0000
s 137/dR_A is: x:+0.0000 y:+0.0000 z: +0.2095
s 138/dR_A is: x:-0.2922 y:+0.1122 z: +0.0000
s 139/dR_A is: x:+0.5362 y:+0.2391 z: +0.0000
s 1310/dR_A is: x:+0.2391 y:+0.0161 z: +0.0000
s 1311/dR_A is: x:+0.0000 y:+0.0000 z: +0.1991
s 1312/dR_A is: x:-0.0000 y:-0.0029 z: +0.0328
s 1313/dR_A is: x:-0.0000 y:+0.0317 z: +0.0361
s 1314/dR_A is: x:+0.3333 y:+0.0000 z: +0.0000
s 1315/dR_A is: x:+0.0000 y:+0.0358 z: +0.0188
s 1316/dR_A is: x:-0.2922 y:-0.1122 z: +0.0000
s 1317/dR_A is: x:+0.5362 y:-0.2391 z: +0.0000
s 1318/dR_A is: x:-0.2391 y:+0.0161 z: +0.0000
s 1319/dR_A is: x:+0.0000 y:+0.0000 z: +0.1991
s 1320/dR_A is: x:+0.0884 y:-0.1531 z: +0.0000
s 1321/dR_A is: x:+0.1945 y:+0.1296 z: +0.0000
s 1322/dR_A is: x:+0.1296 y:+0.0648 z: +0.0000
s 1323/dR_A is: x:+0.0000 y:+0.0000 z: +0.2095
s 1324/dR_A is: x:+0.1184 y:+0.0000 z: +0.0000
s 1325/dR_A is: x:+0.0681 y:+0.1059 z: +0.0000
s 1326/dR_A is: x:-0.2052 y:+0.0286 z: +0.0000
s 1327/dR_A is: x:-0.1556 y:+0.0000 z: +0.0000
s 1328/dR_A is: x:-0.2052 y:-0.0286 z: +0.0000
s 1329/dR_A is: x:+0.0681 y:-0.1059 z: +0.0000
s 140/dR_A is: x:+0.0000 y:-0.1278 z: +0.0000
s 141/dR_A is: x:+0.0000 y:+0.1804 z: +0.0000
s 142/dR_A is: x:+0.1804 y:+0.0000 z: +0.0000
s 143/dR_A is: x:+0.0000 y:+0.0000 z: +0.0000
s 144/dR_A is: x:+0.1531 y:-0.0884 z: +0.0000
s 145/dR_A is: x:-0.1296 y:+0.0648 z: +0.0000
s 146/dR_A is: x:+0.0648 y:+0.2793 z: +0.0000
s 147/dR_A is: x:+0.0000 y:+0.0000 z: +0.1209
s 148/dR_A is: x:+0.1122 y:-0.1626 z: +0.0000
s 149/dR_A is: x:+0.2391 y:+0.0161 z: +0.0000
s 1410/dR_A is: x:+0.0161 y:+0.7173 z: +0.0000
