Wrote 12 bonds to ../bond_distances_MINDO_C6H6.csv
[MINDO/3]
Nuclear Repulsion Energy is 5283.48 eV.
Electron Energy is -2016.25 eV.
x
    -27.3833      -9.4873 -5.53557e-05 -5.30719e-15     -18.2886     -14.8714      7.56059  5.84916e-15     -7.33297     -6.55732      1.60618  3.72602e-15     -5.37215     -1.92655 -7.43722e-05 -1.04813e-14     -7.33296     -6.55745     -1.60612 -5.10501e-15     -18.2886     -14.8712     -7.56053  8.72663e-15     -1.18894     0.349332    0.0778898     0.333809    0.0778886     0.349335
     -9.4873     -23.1843 -8.19143e-05 -3.58637e-14     -0.87914     -18.9564     -3.28291  2.19151e-14      4.67036      8.19903     -6.40041  7.62797e-14      1.92655      16.8474 -7.82704e-05  5.16254e-14      4.67037      8.19887      6.40048 -3.80098e-15    -0.879132     -18.9563      3.28298 -3.93979e-14     -3.45373     0.891921      0.10911      1.44257     0.109109     0.891918
-5.53557e-05 -8.19143e-05     -33.9429  2.04187e-14     -16.6589     -9.76622     -11.4275 -2.44407e-14     -4.88497     -16.6378     -5.10355 -3.41262e-14 -7.43722e-05  7.82704e-05      5.48061  2.97292e-14      4.88482      16.6379     -5.10341  3.37657e-14      16.6588      9.76615     -11.4273  4.53387e-15  4.28081e-05       1.4629     0.248814  4.50716e-05    -0.248724     -1.46281
-5.30719e-15 -3.58637e-14  2.04187e-14     -42.0004  5.58281e-15  2.74473e-14  2.26561e-14          -28 -7.37798e-15  -1.9312e-14  3.96243e-14 -9.41254e-05 -1.78057e-16 -1.36057e-15 -3.38606e-14      14.0001  1.37448e-14   3.9825e-15 -2.63844e-15 -8.78501e-05 -2.41735e-14 -3.83259e-14  2.10844e-14          -28   3.7869e-14  5.82023e-15 -1.28941e-14 -1.89486e-14 -1.73893e-15  2.98234e-15
    -18.2886     -0.87914     -16.6589  5.58281e-15     -27.3815     -4.75006     -8.22209 -1.89262e-14     -18.2896     -13.9782     -9.08937 -3.80391e-14     -7.33297     -4.67036     -4.88497 -3.03612e-14     -5.37177    -0.964945      -1.6632 -4.75543e-15      -7.3364     -1.89388     -6.47753 -3.32514e-15     0.348802     -1.18839     0.348908    0.0782074     0.333564    0.0792602
    -14.8714     -18.9564     -9.76622  2.74473e-14     -4.75006     -31.2519       4.6323 -6.54076e-15      13.9782     -7.65299      3.23902 -1.05383e-14      6.55732      8.19903      16.6378 -2.68994e-14     0.964845      8.33668      4.92536 -3.27413e-14     -1.89398     -11.7714     -5.11483  3.46896e-14      1.71234     -1.72311     -0.81534    -0.157932     0.721485     0.268986
     7.56059     -3.28291     -11.4275  2.26561e-14     -8.22209       4.6323     -25.8805  1.95921e-14     -9.08937     -3.23902     -22.7225  3.90962e-14      1.60618      6.40041     -5.10355  -1.6655e-14      1.66329      4.92527      14.0266 -4.08347e-14      6.47763      5.11492      14.8515 -3.72052e-14    0.0457695      -2.9891      1.50084     0.216736      1.25308   -0.0258036
 5.84916e-15  2.19151e-14 -2.44407e-14          -28 -1.89262e-14 -6.54076e-15  1.95921e-14     -41.9998  2.16272e-14 -1.43763e-14 -1.74156e-15          -28   1.0533e-14  1.41687e-14  5.70501e-14 -9.41254e-05 -3.67293e-14  6.71922e-15  2.19154e-14           14 -2.15878e-14  1.56752e-15  9.11351e-14  0.000181974 -3.02292e-14  -2.1968e-14 -2.28618e-14  1.21793e-14  1.86863e-14  3.65043e-14
    -7.33297      4.67036     -4.88497 -7.37798e-15     -18.2896      13.9782     -9.08937  2.16272e-14     -27.3815      4.75006     -8.22209  5.37431e-15     -18.2886      0.87914     -16.6589  6.72609e-16      -7.3364      1.89388     -6.47753  8.83069e-15     -5.37177     0.964945      -1.6632 -2.85138e-14    0.0782074     0.348908     -1.18839     0.348802    0.0792602     0.333564
    -6.55732      8.19903     -16.6378  -1.9312e-14     -13.9782     -7.65299     -3.23902 -1.43763e-14      4.75006     -31.2519      -4.6323  5.01192e-14      14.8714     -18.9564      9.76622  7.30757e-14      1.89398     -11.7714      5.11483  2.81328e-14    -0.964845      8.33668     -4.92536 -1.92816e-14     0.157932      0.81534      1.72311     -1.71234    -0.268986    -0.721485
     1.60618     -6.40041     -5.10355  3.96243e-14     -9.08937      3.23902     -22.7225 -1.74156e-15     -8.22209      -4.6323     -25.8805 -1.61297e-14      7.56059      3.28291     -11.4275 -3.70213e-14      6.47763     -5.11492      14.8515  1.15481e-14      1.66329     -4.92527      14.0266  2.82895e-14     0.216736      1.50084      -2.9891    0.0457695   -0.0258036      1.25308
 3.72602e-15  7.62797e-14 -3.41262e-14 -9.41254e-05 -3.80391e-14 -1.05383e-14  3.90962e-14          -28  5.37431e-15  5.01192e-14 -1.61297e-14     -41.9998  2.20333e-14  2.20821e-14 -4.41683e-15          -28  2.93936e-14  -3.2991e-14 -6.33301e-14  0.000181974  3.84422e-14 -4.56613e-14 -4.42173e-15           14   5.1248e-15  1.41258e-14  5.21235e-15  2.29221e-15 -1.80803e-14 -3.40062e-14
    -5.37215      1.92655 -7.43722e-05 -1.78057e-16     -7.33297      6.55732      1.60618   1.0533e-14     -18.2886      14.8714      7.56059  2.20333e-14     -27.3833       9.4873 -5.53557e-05  1.06067e-14     -18.2886      14.8712     -7.56053 -3.12273e-15     -7.33296      6.55745     -1.60612  1.80436e-16     0.333809    0.0778898     0.349332     -1.18894     0.349335    0.0778886
    -1.92655      16.8474  7.82704e-05 -1.36057e-15     -4.67036      8.19903      6.40041  1.41687e-14      0.87914     -18.9564      3.28291  2.20821e-14       9.4873     -23.1843  8.19143e-05  2.75904e-14     0.879132     -18.9563     -3.28298  8.42063e-15     -4.67037      8.19887     -6.40048 -1.67348e-14     -1.44257     -0.10911    -0.891921      3.45373    -0.891918    -0.109109
-7.43722e-05 -7.82704e-05      5.48061 -3.38606e-14     -4.88497      16.6378     -5.10355  5.70501e-14     -16.6589      9.76622     -11.4275 -4.41683e-15 -5.53557e-05  8.19143e-05     -33.9429  2.63911e-14      16.6588     -9.76615     -11.4273  5.57202e-14      4.88482     -16.6379     -5.10341 -4.95715e-14  4.50716e-05     0.248814       1.4629  4.28081e-05     -1.46281    -0.248724
-1.04813e-14  5.16254e-14  2.97292e-14      14.0001 -3.03612e-14 -2.68994e-14  -1.6655e-14 -9.41254e-05  6.72609e-16  7.30757e-14 -3.70213e-14          -28  1.06067e-14  2.75904e-14  2.63911e-14     -42.0004  -8.8089e-15 -6.67954e-14  1.02295e-14          -28 -3.17249e-16 -1.26731e-14 -1.40054e-14 -8.78501e-05  7.83367e-15  1.28196e-14 -3.03029e-15 -4.22692e-15 -4.59927e-15  1.43775e-15
    -7.33296      4.67037      4.88482  1.37448e-14     -5.37177     0.964845      1.66329 -3.67293e-14      -7.3364      1.89398      6.47763  2.93936e-14     -18.2886     0.879132      16.6588  -8.8089e-15     -27.3815      4.74996      8.22216 -2.16668e-14     -18.2895      13.9783      9.08945  3.77763e-14    0.0782046     0.333561    0.0792576     0.348805     -1.18839     0.348904
    -6.55745      8.19887      16.6379   3.9825e-15    -0.964945      8.33668      4.92527  6.71922e-15      1.89388     -11.7714     -5.11492  -3.2991e-14      14.8712     -18.9563     -9.76615 -6.67954e-14      4.74996     -31.2517      4.63236 -2.62336e-14     -13.9783     -7.65318      3.23906   4.6671e-15     0.158017    -0.721423    -0.268924     -1.71224      1.72318     0.815403
    -1.60612      6.40048     -5.10341 -2.63844e-15      -1.6632      4.92536      14.0266  2.19154e-14     -6.47753      5.11483      14.8515 -6.33301e-14     -7.56053     -3.28298     -11.4273  1.02295e-14      8.22216      4.63236     -25.8807  4.10452e-14      9.08945     -3.23906     -22.7227  1.51615e-15    -0.216773     -1.25313    0.0257528   -0.0458101      2.98905      -1.5009
-5.10501e-15 -3.80098e-15  3.37657e-14 -8.78501e-05 -4.75543e-15 -3.27413e-14 -4.08347e-14           14  8.83069e-15  2.81328e-14  1.15481e-14  0.000181974 -3.12273e-15  8.42063e-15  5.57202e-14          -28 -2.16668e-14 -2.62336e-14  4.10452e-14     -41.9998 -5.89174e-15  4.02568e-14 -4.62807e-14          -28 -3.82793e-15 -3.79051e-15 -2.86559e-14  4.86775e-15  3.30745e-14  1.16588e-14
    -18.2886    -0.879132      16.6588 -2.41735e-14      -7.3364     -1.89398      6.47763 -2.15878e-14     -5.37177    -0.964845      1.66329  3.84422e-14     -7.33296     -4.67037      4.88482 -3.17249e-16     -18.2895     -13.9783      9.08945 -5.89174e-15     -27.3815     -4.74996      8.22216  1.76356e-14     0.348805    0.0792576     0.333561    0.0782046     0.348904     -1.18839
    -14.8712     -18.9563      9.76615 -3.83259e-14     -1.89388     -11.7714      5.11492  1.56752e-15     0.964945      8.33668     -4.92527 -4.56613e-14      6.55745      8.19887     -16.6379 -1.26731e-14      13.9783     -7.65318     -3.23906  4.02568e-14     -4.74996     -31.2517     -4.63236  3.94526e-15      1.71224     0.268924     0.721423    -0.158017    -0.815403     -1.72318
    -7.56053      3.28298     -11.4273  2.10844e-14     -6.47753     -5.11483      14.8515  9.11351e-14      -1.6632     -4.92536      14.0266 -4.42173e-15     -1.60612     -6.40048     -5.10341 -1.40054e-14      9.08945      3.23906     -22.7227 -4.62807e-14      8.22216     -4.63236     -25.8807 -5.24628e-14   -0.0458101    0.0257528     -1.25313    -0.216773      -1.5009      2.98905
 8.72663e-15 -3.93979e-14  4.53387e-15          -28 -3.32514e-15  3.46896e-14 -3.72052e-14  0.000181974 -2.85138e-14 -1.92816e-14  2.82895e-14           14  1.80436e-16 -1.67348e-14 -4.95715e-14 -8.78501e-05  3.77763e-14   4.6671e-15  1.51615e-15          -28  1.76356e-14  3.94526e-15 -5.24628e-14     -41.9998 -1.54628e-14  2.95749e-14  1.75796e-14  1.19805e-14 -2.60419e-14 -4.38421e-14
    -1.18894     -3.45373  4.28081e-05   3.7869e-14     0.348802      1.71234    0.0457695 -3.02292e-14    0.0782074     0.157932     0.216736   5.1248e-15     0.333809     -1.44257  4.50716e-05  7.83367e-15    0.0782046     0.158017    -0.216773 -3.82793e-15     0.348805      1.71224   -0.0458101 -1.54628e-14     -35.7801   -0.0573886   0.00681977    -0.118405   0.00682037   -0.0573882
    0.349332     0.891921       1.4629  5.82023e-15     -1.18839     -1.72311      -2.9891  -2.1968e-14     0.348908      0.81534      1.50084  1.41258e-14    0.0778898     -0.10911     0.248814  1.28196e-14     0.333561    -0.721423     -1.25313 -3.79051e-15    0.0792576     0.268924    0.0257528  2.95749e-14   -0.0573886     -35.7803   -0.0571454   0.00681977    -0.118588    0.0064506
   0.0778898      0.10911     0.248814 -1.28941e-14     0.348908     -0.81534      1.50084 -2.28618e-14     -1.18839      1.72311      -2.9891  5.21235e-15     0.349332    -0.891921       1.4629 -3.03029e-15    0.0792576    -0.268924    0.0257528 -2.86559e-14     0.333561     0.721423     -1.25313  1.75796e-14   0.00681977   -0.0571454     -35.7803   -0.0573886    0.0064506    -0.118588
    0.333809      1.44257  4.50716e-05 -1.89486e-14    0.0782074    -0.157932     0.216736  1.21793e-14     0.348802     -1.71234    0.0457695  2.29221e-15     -1.18894      3.45373  4.28081e-05 -4.22692e-15     0.348805     -1.71224   -0.0458101  4.86775e-15    0.0782046    -0.158017    -0.216773  1.19805e-14    -0.118405   0.00681977   -0.0573886     -35.7801   -0.0573882   0.00682037
   0.0778886     0.109109    -0.248724 -1.73893e-15     0.333564     0.721485      1.25308  1.86863e-14    0.0792602    -0.268986   -0.0258036 -1.80803e-14     0.349335    -0.891918     -1.46281 -4.59927e-15     -1.18839      1.72318      2.98905  3.30745e-14     0.348904    -0.815403      -1.5009 -2.60419e-14   0.00682037    -0.118588    0.0064506   -0.0573882     -35.7803    -0.057147
    0.349335     0.891918     -1.46281  2.98234e-15    0.0792602     0.268986   -0.0258036  3.65043e-14     0.333564    -0.721485      1.25308 -3.40062e-14    0.0778886    -0.109109    -0.248724  1.43775e-15     0.348904     0.815403      -1.5009  1.16588e-14     -1.18839     -1.72318      2.98905 -4.38421e-14   -0.0573882    0.0064506    -0.118588   0.00682037    -0.057147     -35.7803
y
  -16.2667          0          0          0    -15.668          0          0          0   -15.1819          0          0          0    -15.179          0          0          0   -15.1819          0          0          0    -15.668          0          0          0   -4.98318   -4.97748   -4.97583   -4.97698   -4.97583   -4.97748
         0          0          0          0          0          0          0          0          0          0          0          0          0          0          0          0          0          0          0          0          0          0          0          0          0          0          0          0          0          0
         0          0          0          0          0          0          0          0          0          0          0          0          0          0          0          0          0          0          0          0          0          0          0          0          0          0          0          0          0          0
         0          0          0          0          0          0          0          0          0          0          0          0          0          0          0          0          0          0          0          0          0          0          0          0          0          0          0          0          0          0
   -15.668          0          0          0   -16.2668          0          0          0   -15.6678          0          0          0   -15.1819          0          0          0   -15.1794          0          0          0    -15.182          0          0          0    -4.9774   -4.98311    -4.9774   -4.97574   -4.97694   -4.97576
         0          0          0          0          0          0          0          0          0          0          0          0          0          0          0          0          0          0          0          0          0          0          0          0          0          0          0          0          0          0
         0          0          0          0          0          0          0          0          0          0          0          0          0          0          0          0          0          0          0          0          0          0          0          0          0          0          0          0          0          0
         0          0          0          0          0          0          0          0          0          0          0          0          0          0          0          0          0          0          0          0          0          0          0          0          0          0          0          0          0          0
  -15.1819          0          0          0   -15.6678          0          0          0   -16.2668          0          0          0    -15.668          0          0          0    -15.182          0          0          0   -15.1794          0          0          0   -4.97574    -4.9774   -4.98311    -4.9774   -4.97576   -4.97694
         0          0          0          0          0          0          0          0          0          0          0          0          0          0          0          0          0          0          0          0          0          0          0          0          0          0          0          0          0          0
         0          0          0          0          0          0          0          0          0          0          0          0          0          0          0          0          0          0          0          0          0          0          0          0          0          0          0          0          0          0
         0          0          0          0          0          0          0          0          0          0          0          0          0          0          0          0          0          0          0          0          0          0          0          0          0          0          0          0          0          0
   -15.179          0          0          0   -15.1819          0          0          0    -15.668          0          0          0   -16.2667          0          0          0    -15.668          0          0          0   -15.1819          0          0          0   -4.97698   -4.97583   -4.97748   -4.98318   -4.97748   -4.97583
         0          0          0          0          0          0          0          0          0          0          0          0          0          0          0          0          0          0          0          0          0          0          0          0          0          0          0          0          0          0
         0          0          0          0          0          0          0          0          0          0          0          0          0          0          0          0          0          0          0          0          0          0          0          0          0          0          0          0          0          0
         0          0          0          0          0          0          0          0          0          0          0          0          0          0          0          0          0          0          0          0          0          0          0          0          0          0          0          0          0          0
  -15.1819          0          0          0   -15.1794          0          0          0    -15.182          0          0          0    -15.668          0          0          0   -16.2668          0          0          0   -15.6679          0          0          0   -4.97574   -4.97694   -4.97576    -4.9774   -4.98311    -4.9774
         0          0          0          0          0          0          0          0          0          0          0          0          0          0          0          0          0          0          0          0          0          0          0          0          0          0          0          0          0          0
         0          0          0          0          0          0          0          0          0          0          0          0          0          0          0          0          0          0          0          0          0          0          0          0          0          0          0          0          0          0
         0          0          0          0          0          0          0          0          0          0          0          0          0          0          0          0          0          0          0          0          0          0          0          0          0          0          0          0          0          0
   -15.668          0          0          0    -15.182          0          0          0   -15.1794          0          0          0   -15.1819          0          0          0   -15.6679          0          0          0   -16.2668          0          0          0    -4.9774   -4.97576   -4.97694   -4.97574    -4.9774   -4.98311
         0          0          0          0          0          0          0          0          0          0          0          0          0          0          0          0          0          0          0          0          0          0          0          0          0          0          0          0          0          0
         0          0          0          0          0          0          0          0          0          0          0          0          0          0          0          0          0          0          0          0          0          0          0          0          0          0          0          0          0          0
         0          0          0          0          0          0          0          0          0          0          0          0          0          0          0          0          0          0          0          0          0          0          0          0          0          0          0          0          0          0
  -4.98318          0          0          0    -4.9774          0          0          0   -4.97574          0          0          0   -4.97698          0          0          0   -4.97574          0          0          0    -4.9774          0          0          0   -1.99993 -0.0242777 -0.0242727 -0.0243097 -0.0242727 -0.0242777
  -4.97748          0          0          0   -4.98311          0          0          0    -4.9774          0          0          0   -4.97583          0          0          0   -4.97694          0          0          0   -4.97576          0          0          0 -0.0242777   -1.99993 -0.0242623 -0.0242727 -0.0242789 -0.0242572
  -4.97583          0          0          0    -4.9774          0          0          0   -4.98311          0          0          0   -4.97748          0          0          0   -4.97576          0          0          0   -4.97694          0          0          0 -0.0242727 -0.0242623   -1.99993 -0.0242777 -0.0242572 -0.0242789
  -4.97698          0          0          0   -4.97574          0          0          0    -4.9774          0          0          0   -4.98318          0          0          0    -4.9774          0          0          0   -4.97574          0          0          0 -0.0243097 -0.0242727 -0.0242777   -1.99993 -0.0242777 -0.0242727
  -4.97583          0          0          0   -4.97694          0          0          0   -4.97576          0          0          0   -4.97748          0          0          0   -4.98311          0          0          0    -4.9774          0          0          0 -0.0242727 -0.0242789 -0.0242572 -0.0242777   -1.99993 -0.0242622
  -4.97748          0          0          0   -4.97576          0          0          0   -4.97694          0          0          0   -4.97583          0          0          0    -4.9774          0          0          0   -4.98311          0          0          0 -0.0242777 -0.0242572 -0.0242789 -0.0242727 -0.0242622   -1.99993
Suv_RA (A is the center of u)
s 00/dR_A is: x:+260.0082 y:-1.9200 z: -0.0000
s 01/dR_A is: x:-0.0000 y:-0.0000 z: +0.0000
s 02/dR_A is: x:+17.7998 y:-8.4914 z: -7.8844
s 03/dR_A is: x:-15.0069 y:+6.8715 z: -10.4403
s 04/dR_A is: x:-0.1527 y:+0.2645 z: +0.0000
s 05/dR_A is: x:+0.2922 y:+0.1122 z: +0.0000
s 06/dR_A is: x:+0.1122 y:+0.1626 z: +0.0000
s 07/dR_A is: x:+0.0000 y:+0.0000 z: +0.3570
s 08/dR_A is: x:-0.2490 y:+0.1438 z: +0.0000
s 09/dR_A is: x:-0.0884 y:+0.1531 z: +0.0000
s 010/dR_A is: x:+0.1531 y:+0.0884 z: +0.0000
s 011/dR_A is: x:+0.0000 y:+0.0000 z: +0.1768
s 012/dR_A is: x:-0.2473 y:+0.0000 z: +0.0000
s 013/dR_A is: x:-0.1953 y:+0.0000 z: +0.0000
s 014/dR_A is: x:+0.0000 y:+0.1278 z: +0.0000
s 015/dR_A is: x:+0.0000 y:+0.0000 z: +0.1278
s 016/dR_A is: x:-0.2490 y:-0.1438 z: +0.0000
s 017/dR_A is: x:-0.0884 y:-0.1531 z: +0.0000
s 018/dR_A is: x:-0.1531 y:+0.0884 z: +0.0000
s 019/dR_A is: x:+0.0000 y:+0.0000 z: +0.1768
s 020/dR_A is: x:-0.1527 y:-0.2645 z: +0.0000
s 021/dR_A is: x:+0.2922 y:-0.1122 z: +0.0000
s 022/dR_A is: x:-0.1122 y:+0.1626 z: +0.0000
s 023/dR_A is: x:+0.0000 y:+0.0000 z: +0.3570
s 024/dR_A is: x:+0.2873 y:+0.0000 z: +0.0000
s 025/dR_A is: x:-0.0212 y:+0.2947 z: +0.0000
s 026/dR_A is: x:-0.1193 y:+0.0973 z: +0.0000
s 027/dR_A is: x:-0.1087 y:+0.0000 z: +0.0000
s 028/dR_A is: x:-0.1193 y:-0.0973 z: +0.0000
s 029/dR_A is: x:-0.0212 y:-0.2947 z: +0.0000
s 10/dR_A is: x:-0.0000 y:-35.4791 z: -12.0384
s 11/dR_A is: x:+255.8353 y:+0.0000 z: +0.0000
s 12/dR_A is: x:+0.0000 y:-1.6639 z: +0.9374
s 13/dR_A is: x:-0.0000 y:-21.4335 z: -2.6660
s 14/dR_A is: x:-0.2922 y:-0.1122 z: +0.0000
s 15/dR_A is: x:-0.5362 y:+0.2391 z: +0.0000
s 16/dR_A is: x:+0.2391 y:-0.0161 z: +0.0000
s 17/dR_A is: x:+0.0000 y:+0.0000 z: -0.1991
s 18/dR_A is: x:+0.0884 y:-0.1531 z: +0.0000
s 19/dR_A is: x:-0.1945 y:-0.1296 z: +0.0000
s 110/dR_A is: x:-0.1296 y:-0.0648 z: +0.0000
s 111/dR_A is: x:+0.0000 y:+0.0000 z: -0.2095
s 112/dR_A is: x:+0.1953 y:+0.0000 z: +0.0000
s 113/dR_A is: x:+0.0583 y:+0.0000 z: +0.0000
s 114/dR_A is: x:+0.0000 y:-0.1804 z: +0.0000
s 115/dR_A is: x:+0.0000 y:+0.0000 z: -0.1804
s 116/dR_A is: x:+0.0884 y:+0.1531 z: +0.0000
s 117/dR_A is: x:-0.1945 y:+0.1296 z: +0.0000
s 118/dR_A is: x:+0.1296 y:-0.0648 z: +0.0000
s 119/dR_A is: x:+0.0000 y:+0.0000 z: -0.2095
s 120/dR_A is: x:-0.2922 y:+0.1122 z: +0.0000
s 121/dR_A is: x:-0.5362 y:-0.2391 z: +0.0000
s 122/dR_A is: x:-0.2391 y:-0.0161 z: +0.0000
s 123/dR_A is: x:+0.0000 y:+0.0000 z: -0.1991
s 124/dR_A is: x:-0.1556 y:+0.0000 z: +0.0000
s 125/dR_A is: x:-0.2052 y:-0.0286 z: +0.0000
s 126/dR_A is: x:+0.0681 y:-0.1059 z: +0.0000
s 127/dR_A is: x:+0.1184 y:+0.0000 z: +0.0000
s 128/dR_A is: x:+0.0681 y:+0.1059 z: +0.0000
s 129/dR_A is: x:-0.2052 y:+0.0286 z: +0.0000
s 20/dR_A is: x:+17.7998 y:+0.0000 z: -19.4333
s 21/dR_A is: x:+0.0000 y:-24.4168 z: -0.0000
s 22/dR_A is: x:+260.3542 y:+0.0000 z: -1.5239
s 23/dR_A is: x:-0.5430 y:-0.0000 z: +0.9613
s 24/dR_A is: x:-0.1122 y:-0.1626 z: +0.0000
s 25/dR_A is: x:+0.2391 y:-0.0161 z: +0.0000
s 26/dR_A is: x:-0.0161 y:+0.7173 z: +0.0000
s 27/dR_A is: x:+0.0000 y:+0.0000 z: +0.3448
s 28/dR_A is: x:-0.1531 y:-0.0884 z: +0.0000
s 29/dR_A is: x:-0.1296 y:-0.0648 z: +0.0000
s 210/dR_A is: x:-0.0648 y:+0.2793 z: +0.0000
s 211/dR_A is: x:+0.0000 y:+0.0000 z: +0.1209
s 212/dR_A is: x:+0.0000 y:-0.1278 z: +0.0000
s 213/dR_A is: x:+0.0000 y:-0.1804 z: +0.0000
s 214/dR_A is: x:-0.1804 y:+0.0000 z: +0.0000
s 215/dR_A is: x:+0.0000 y:+0.0000 z: +0.0000
s 216/dR_A is: x:+0.1531 y:-0.0884 z: +0.0000
s 217/dR_A is: x:+0.1296 y:-0.0648 z: +0.0000
s 218/dR_A is: x:-0.0648 y:-0.2793 z: +0.0000
s 219/dR_A is: x:+0.0000 y:+0.0000 z: -0.1209
s 220/dR_A is: x:+0.1122 y:-0.1626 z: +0.0000
s 221/dR_A is: x:-0.2391 y:-0.0161 z: +0.0000
s 222/dR_A is: x:-0.0161 y:-0.7173 z: +0.0000
s 223/dR_A is: x:+0.0000 y:+0.0000 z: -0.3448
s 224/dR_A is: x:+0.0000 y:-0.4732 z: +0.0000
s 225/dR_A is: x:-0.0286 y:+0.1905 z: +0.0000
s 226/dR_A is: x:-0.1059 y:+0.0245 z: +0.0000
s 227/dR_A is: x:+0.0000 y:-0.0376 z: +0.0000
s 228/dR_A is: x:+0.1059 y:+0.0245 z: +0.0000
s 229/dR_A is: x:+0.0286 y:+0.1905 z: +0.0000
s 30/dR_A is: x:-15.0069 y:+8.3909 z: +0.0000
s 31/dR_A is: x:-0.0000 y:+0.0000 z: -8.6286
s 32/dR_A is: x:-0.5430 y:-23.5315 z: +0.0000
s 33/dR_A is: x:+259.2272 y:-0.9374 z: +0.0000
s 34/dR_A is: x:+0.0000 y:+0.0000 z: -0.3570
s 35/dR_A is: x:+0.0000 y:+0.0000 z: -0.1991
s 36/dR_A is: x:+0.0000 y:+0.0000 z: +0.3448
s 37/dR_A is: x:-0.1991 y:+0.3448 z: +0.0000
s 38/dR_A is: x:+0.0000 y:+0.0000 z: -0.1768
s 39/dR_A is: x:+0.0000 y:+0.0000 z: -0.2095
s 310/dR_A is: x:+0.0000 y:+0.0000 z: +0.1209
s 311/dR_A is: x:-0.2095 y:+0.1209 z: +0.0000
s 312/dR_A is: x:+0.0000 y:+0.0000 z: -0.1278
s 313/dR_A is: x:+0.0000 y:+0.0000 z: -0.1804
s 314/dR_A is: x:+0.0000 y:+0.0000 z: +0.0000
s 315/dR_A is: x:-0.1804 y:+0.0000 z: +0.0000
s 316/dR_A is: x:+0.0000 y:+0.0000 z: -0.1768
s 317/dR_A is: x:+0.0000 y:+0.0000 z: -0.2095
s 318/dR_A is: x:+0.0000 y:+0.0000 z: -0.1209
s 319/dR_A is: x:-0.2095 y:-0.1209 z: +0.0000
s 320/dR_A is: x:+0.0000 y:+0.0000 z: -0.3570
s 321/dR_A is: x:+0.0000 y:+0.0000 z: -0.1991
s 322/dR_A is: x:+0.0000 y:+0.0000 z: -0.3448
s 323/dR_A is: x:-0.1991 y:-0.3448 z: +0.0000
s 324/dR_A is: x:+0.0000 y:+0.0000 z: -0.4732
s 325/dR_A is: x:+0.0000 y:+0.0000 z: -0.2073
s 326/dR_A is: x:+0.0000 y:+0.0000 z: -0.0619
s 327/dR_A is: x:+0.0000 y:+0.0000 z: -0.0376
s 328/dR_A is: x:+0.0000 y:+0.0000 z: -0.0619
s 329/dR_A is: x:+0.0000 y:+0.0000 z: -0.2073
s 40/dR_A is: x:+0.1527 y:-0.2645 z: +0.0000
s 41/dR_A is: x:+0.2922 y:+0.1122 z: +0.0000
s 42/dR_A is: x:+0.1122 y:+0.1626 z: +0.0000
s 43/dR_A is: x:+0.0000 y:+0.0000 z: +0.3570
s 44/dR_A is: x:+260.0082 y:+1.9200 z: -0.0000
s 45/dR_A is: x:+0.0000 y:+0.0000 z: +0.0000
s 46/dR_A is: x:-17.7998 y:-8.4914 z: -7.8844
s 47/dR_A is: x:+15.0070 y:+6.8715 z: -10.4403
s 48/dR_A is: x:-0.3055 y:-0.0000 z: +0.0000
s 49/dR_A is: x:+0.0978 y:-0.0000 z: +0.0000
s 410/dR_A is: x:+0.0000 y:+0.3570 z: +0.0000
s 411/dR_A is: x:+0.0000 y:+0.0000 z: +0.3570
s 412/dR_A is: x:-0.2490 y:-0.1438 z: +0.0000
s 413/dR_A is: x:-0.0884 y:-0.1531 z: +0.0000
s 414/dR_A is: x:-0.1531 y:+0.0884 z: +0.0000
s 415/dR_A is: x:+0.0000 y:+0.0000 z: +0.1768
s 416/dR_A is: x:-0.1237 y:-0.2142 z: +0.0000
s 417/dR_A is: x:+0.0470 y:-0.1399 z: +0.0000
s 418/dR_A is: x:-0.1399 y:-0.1145 z: +0.0000
s 419/dR_A is: x:+0.0000 y:+0.0000 z: +0.1278
s 420/dR_A is: x:-0.0000 y:-0.2875 z: +0.0000
s 421/dR_A is: x:+0.1768 y:-0.0000 z: +0.0000
s 422/dR_A is: x:-0.0000 y:-0.1768 z: +0.0000
s 423/dR_A is: x:+0.0000 y:+0.0000 z: +0.1768
s 424/dR_A is: x:+0.2447 y:-0.1657 z: +0.0000
s 425/dR_A is: x:+0.1436 y:+0.2488 z: +0.0000
s 426/dR_A is: x:-0.2658 y:+0.1290 z: +0.0000
s 427/dR_A is: x:-0.1439 y:-0.0547 z: +0.0000
s 428/dR_A is: x:-0.0543 y:-0.0941 z: +0.0000
s 429/dR_A is: x:+0.0246 y:-0.1520 z: +0.0000
s 50/dR_A is: x:-0.2922 y:-0.1122 z: +0.0000
s 51/dR_A is: x:+0.5362 y:-0.2391 z: +0.0000
s 52/dR_A is: x:-0.2391 y:+0.0161 z: +0.0000
s 53/dR_A is: x:+0.0000 y:+0.0000 z: +0.1991
s 54/dR_A is: x:+0.0000 y:-35.4791 z: +12.0384
s 55/dR_A is: x:+255.8353 y:-0.0000 z: -0.0000
s 56/dR_A is: x:+0.0000 y:+1.6639 z: +0.9375
s 57/dR_A is: x:-0.0000 y:+21.4335 z: -2.6660
s 58/dR_A is: x:-0.0978 y:+0.0000 z: +0.0000
s 59/dR_A is: x:-0.7063 y:-0.0000 z: +0.0000
s 510/dR_A is: x:+0.0000 y:-0.3981 z: +0.0000
s 511/dR_A is: x:+0.0000 y:+0.0000 z: -0.3981
s 512/dR_A is: x:+0.0884 y:+0.1531 z: +0.0000
s 513/dR_A is: x:-0.1945 y:+0.1296 z: +0.0000
s 514/dR_A is: x:+0.1296 y:-0.0648 z: +0.0000
s 515/dR_A is: x:+0.0000 y:+0.0000 z: -0.2095
s 516/dR_A is: x:-0.0470 y:+0.1399 z: +0.0000
s 517/dR_A is: x:-0.1957 y:-0.0264 z: +0.0000
s 518/dR_A is: x:-0.0264 y:+0.1346 z: +0.0000
s 519/dR_A is: x:+0.0000 y:+0.0000 z: -0.0902
s 520/dR_A is: x:-0.1768 y:-0.0000 z: +0.0000
s 521/dR_A is: x:+0.0000 y:-0.2419 z: +0.0000
s 522/dR_A is: x:-0.2419 y:-0.0000 z: +0.0000
s 523/dR_A is: x:+0.0000 y:+0.0000 z: +0.0000
s 524/dR_A is: x:+0.0668 y:-0.1856 z: +0.0000
s 525/dR_A is: x:-0.3938 y:+0.1375 z: +0.0000
s 526/dR_A is: x:+0.1163 y:-0.1571 z: +0.0000
s 527/dR_A is: x:+0.1271 y:+0.0718 z: +0.0000
s 528/dR_A is: x:+0.0014 y:+0.0675 z: +0.0000
s 529/dR_A is: x:-0.0563 y:-0.0341 z: +0.0000
s 60/dR_A is: x:-0.1122 y:-0.1626 z: +0.0000
s 61/dR_A is: x:-0.2391 y:+0.0161 z: +0.0000
s 62/dR_A is: x:+0.0161 y:-0.7173 z: +0.0000
s 63/dR_A is: x:+0.0000 y:+0.0000 z: -0.3448
s 64/dR_A is: x:-17.7998 y:-0.0000 z: -19.4333
s 65/dR_A is: x:+0.0000 y:-24.4168 z: -0.0000
s 66/dR_A is: x:+260.3541 y:+0.0000 z: +1.5239
s 67/dR_A is: x:-0.5430 y:+0.0000 z: -0.9613
s 68/dR_A is: x:+0.0000 y:-0.3570 z: +0.0000
s 69/dR_A is: x:-0.0000 y:-0.3981 z: +0.0000
s 610/dR_A is: x:-0.3981 y:-0.0000 z: +0.0000
s 611/dR_A is: x:+0.0000 y:+0.0000 z: -0.0000
s 612/dR_A is: x:+0.1531 y:-0.0884 z: +0.0000
s 613/dR_A is: x:+0.1296 y:-0.0648 z: +0.0000
s 614/dR_A is: x:-0.0648 y:-0.2793 z: +0.0000
s 615/dR_A is: x:+0.0000 y:+0.0000 z: -0.1209
s 616/dR_A is: x:+0.1399 y:+0.1145 z: +0.0000
s 617/dR_A is: x:-0.0264 y:+0.1346 z: +0.0000
s 618/dR_A is: x:+0.1346 y:-0.0793 z: +0.0000
s 619/dR_A is: x:+0.0000 y:+0.0000 z: -0.1562
s 620/dR_A is: x:-0.0000 y:+0.1768 z: +0.0000
s 621/dR_A is: x:-0.2419 y:+0.0000 z: +0.0000
s 622/dR_A is: x:-0.0000 y:-0.0576 z: +0.0000
s 623/dR_A is: x:+0.0000 y:+0.0000 z: -0.2419
s 624/dR_A is: x:-0.1856 y:-0.0815 z: +0.0000
s 625/dR_A is: x:+0.1375 y:-0.2350 z: +0.0000
s 626/dR_A is: x:-0.1571 y:-0.1310 z: +0.0000
s 627/dR_A is: x:+0.0718 y:-0.0346 z: +0.0000
s 628/dR_A is: x:+0.0675 y:+0.0794 z: +0.0000
s 629/dR_A is: x:-0.0341 y:+0.1489 z: +0.0000
s 70/dR_A is: x:+0.0000 y:+0.0000 z: -0.3570
s 71/dR_A is: x:+0.0000 y:+0.0000 z: +0.1991
s 72/dR_A is: x:+0.0000 y:+0.0000 z: -0.3448
s 73/dR_A is: x:+0.1991 y:-0.3448 z: +0.0000
s 74/dR_A is: x:+15.0070 y:-8.3909 z: +0.0000
s 75/dR_A is: x:-0.0000 y:-0.0000 z: -8.6286
s 76/dR_A is: x:-0.5430 y:-23.5316 z: +0.0000
s 77/dR_A is: x:+259.2273 y:-0.9375 z: +0.0000
s 78/dR_A is: x:+0.0000 y:+0.0000 z: -0.3570
s 79/dR_A is: x:+0.0000 y:+0.0000 z: -0.3981
s 710/dR_A is: x:+0.0000 y:+0.0000 z: +0.0000
s 711/dR_A is: x:-0.3981 y:-0.0000 z: +0.0000
s 712/dR_A is: x:+0.0000 y:+0.0000 z: -0.1768
s 713/dR_A is: x:+0.0000 y:+0.0000 z: -0.2095
s 714/dR_A is: x:+0.0000 y:+0.0000 z: -0.1209
s 715/dR_A is: x:-0.2095 y:-0.1209 z: +0.0000
s 716/dR_A is: x:+0.0000 y:+0.0000 z: -0.1278
s 717/dR_A is: x:+0.0000 y:+0.0000 z: -0.0902
s 718/dR_A is: x:+0.0000 y:+0.0000 z: -0.1562
s 719/dR_A is: x:-0.0902 y:-0.1562 z: +0.0000
s 720/dR_A is: x:+0.0000 y:+0.0000 z: -0.1768
s 721/dR_A is: x:+0.0000 y:+0.0000 z: -0.0000
s 722/dR_A is: x:+0.0000 y:+0.0000 z: -0.2419
s 723/dR_A is: x:+0.0000 y:-0.2419 z: +0.0000
s 724/dR_A is: x:+0.0000 y:+0.0000 z: -0.2073
s 725/dR_A is: x:+0.0000 y:+0.0000 z: -0.4732
s 726/dR_A is: x:+0.0000 y:+0.0000 z: -0.2073
s 727/dR_A is: x:+0.0000 y:+0.0000 z: -0.0619
s 728/dR_A is: x:+0.0000 y:+0.0000 z: -0.0376
s 729/dR_A is: x:+0.0000 y:+0.0000 z: -0.0619
s 80/dR_A is: x:+0.2490 y:-0.1438 z: +0.0000
s 81/dR_A is: x:-0.0884 y:+0.1531 z: +0.0000
s 82/dR_A is: x:+0.1531 y:+0.0884 z: +0.0000
s 83/dR_A is: x:+0.0000 y:+0.0000 z: +0.1768
s 84/dR_A is: x:+0.3055 y:-0.0000 z: +0.0000
s 85/dR_A is: x:+0.0978 y:+0.0000 z: +0.0000
s 86/dR_A is: x:-0.0000 y:+0.3570 z: +0.0000
s 87/dR_A is: x:+0.0000 y:+0.0000 z: +0.3570
s 88/dR_A is: x:+207.1477 y:-2.0436 z: -0.4497
s 89/dR_A is: x:-0.2521 y:-0.4497 z: -2.0436
s 810/dR_A is: x:-17.7998 y:+0.0000 z: -16.4484
s 811/dR_A is: x:+0.0000 y:-24.4168 z: +0.0000
s 812/dR_A is: x:-0.1527 y:-0.2645 z: +0.0000
s 813/dR_A is: x:+0.2922 y:-0.1122 z: +0.0000
s 814/dR_A is: x:-0.1122 y:+0.1626 z: +0.0000
s 815/dR_A is: x:+0.0000 y:+0.0000 z: +0.3570
s 816/dR_A is: x:+0.0000 y:-0.2875 z: +0.0000
s 817/dR_A is: x:+0.1768 y:+0.0000 z: +0.0000
s 818/dR_A is: x:+0.0000 y:-0.1768 z: +0.0000
s 819/dR_A is: x:+0.0000 y:+0.0000 z: +0.1768
s 820/dR_A is: x:+0.1237 y:-0.2142 z: +0.0000
s 821/dR_A is: x:+0.0470 y:+0.1399 z: +0.0000
s 822/dR_A is: x:+0.1399 y:-0.1145 z: +0.0000
s 823/dR_A is: x:+0.0000 y:+0.0000 z: +0.1278
s 824/dR_A is: x:+0.1439 y:-0.0547 z: +0.0000
s 825/dR_A is: x:+0.2658 y:+0.1290 z: +0.0000
s 826/dR_A is: x:-0.1436 y:+0.2488 z: +0.0000
s 827/dR_A is: x:-0.2447 y:-0.1657 z: +0.0000
s 828/dR_A is: x:-0.0246 y:-0.1520 z: +0.0000
s 829/dR_A is: x:+0.0543 y:-0.0941 z: +0.0000
s 90/dR_A is: x:+0.0884 y:-0.1531 z: +0.0000
s 91/dR_A is: x:+0.1945 y:+0.1296 z: +0.0000
s 92/dR_A is: x:+0.1296 y:+0.0648 z: +0.0000
s 93/dR_A is: x:+0.0000 y:+0.0000 z: +0.2095
s 94/dR_A is: x:-0.0978 y:-0.0000 z: +0.0000
s 95/dR_A is: x:+0.7063 y:-0.0000 z: +0.0000
s 96/dR_A is: x:+0.0000 y:+0.3981 z: +0.0000
s 97/dR_A is: x:+0.0000 y:+0.0000 z: +0.3981
s 98/dR_A is: x:-0.2521 y:-0.4497 z: -2.0436
s 99/dR_A is: x:+207.1477 y:-2.0436 z: -0.4497
s 910/dR_A is: x:-9.2510 y:-3.5985 z: -2.3084
s 911/dR_A is: x:+0.0000 y:-0.0000 z: -0.0000
s 912/dR_A is: x:-0.2922 y:+0.1122 z: +0.0000
s 913/dR_A is: x:-0.5362 y:-0.2391 z: +0.0000
s 914/dR_A is: x:-0.2391 y:-0.0161 z: +0.0000
s 915/dR_A is: x:+0.0000 y:+0.0000 z: -0.1991
s 916/dR_A is: x:-0.1768 y:+0.0000 z: +0.0000
s 917/dR_A is: x:-0.0000 y:-0.2419 z: +0.0000
s 918/dR_A is: x:-0.2419 y:+0.0000 z: +0.0000
s 919/dR_A is: x:+0.0000 y:+0.0000 z: -0.0000
s 920/dR_A is: x:-0.0470 y:-0.1399 z: +0.0000
s 921/dR_A is: x:+0.1957 y:-0.0264 z: +0.0000
s 922/dR_A is: x:-0.0264 y:-0.1346 z: +0.0000
s 923/dR_A is: x:+0.0000 y:+0.0000 z: +0.0902
s 924/dR_A is: x:+0.1271 y:-0.0718 z: +0.0000
s 925/dR_A is: x:+0.1163 y:+0.1571 z: +0.0000
s 926/dR_A is: x:-0.3938 y:-0.1375 z: +0.0000
s 927/dR_A is: x:+0.0668 y:+0.1856 z: +0.0000
s 928/dR_A is: x:-0.0563 y:+0.0341 z: +0.0000
s 929/dR_A is: x:+0.0014 y:-0.0675 z: +0.0000
s 100/dR_A is: x:-0.1531 y:-0.0884 z: +0.0000
s 101/dR_A is: x:+0.1296 y:+0.0648 z: +0.0000
s 102/dR_A is: x:+0.0648 y:-0.2793 z: +0.0000
s 103/dR_A is: x:+0.0000 y:+0.0000 z: -0.1209
s 104/dR_A is: x:-0.0000 y:-0.3570 z: +0.0000
s 105/dR_A is: x:-0.0000 y:+0.3981 z: +0.0000
s 106/dR_A is: x:+0.3981 y:-0.0000 z: +0.0000
s 107/dR_A is: x:+0.0000 y:+0.0000 z: -0.0000
s 108/dR_A is: x:-9.2510 y:+0.6958 z: -6.9941
s 109/dR_A is: x:-3.5985 y:+2.6783 z: +2.1390
s 1010/dR_A is: x:-3.5985 y:-9.2510 z: -1.9200
s 1011/dR_A is: x:-0.0000 y:+0.0000 z: -35.4791
s 1012/dR_A is: x:+0.1122 y:-0.1626 z: +0.0000
s 1013/dR_A is: x:-0.2391 y:-0.0161 z: +0.0000
s 1014/dR_A is: x:-0.0161 y:-0.7173 z: +0.0000
s 1015/dR_A is: x:+0.0000 y:+0.0000 z: -0.3448
s 1016/dR_A is: x:+0.0000 y:+0.1768 z: +0.0000
s 1017/dR_A is: x:-0.2419 y:-0.0000 z: +0.0000
s 1018/dR_A is: x:+0.0000 y:-0.0576 z: +0.0000
s 1019/dR_A is: x:+0.0000 y:+0.0000 z: -0.2419
s 1020/dR_A is: x:-0.1399 y:+0.1145 z: +0.0000
s 1021/dR_A is: x:-0.0264 y:-0.1346 z: +0.0000
s 1022/dR_A is: x:-0.1346 y:-0.0793 z: +0.0000
s 1023/dR_A is: x:+0.0000 y:+0.0000 z: -0.1562
s 1024/dR_A is: x:-0.0718 y:-0.0346 z: +0.0000
s 1025/dR_A is: x:+0.1571 y:-0.1310 z: +0.0000
s 1026/dR_A is: x:-0.1375 y:-0.2350 z: +0.0000
s 1027/dR_A is: x:+0.1856 y:-0.0815 z: +0.0000
s 1028/dR_A is: x:+0.0341 y:+0.1489 z: +0.0000
s 1029/dR_A is: x:-0.0675 y:+0.0794 z: +0.0000
s 110/dR_A is: x:+0.0000 y:+0.0000 z: -0.1768
s 111/dR_A is: x:+0.0000 y:+0.0000 z: +0.2095
s 112/dR_A is: x:+0.0000 y:+0.0000 z: -0.1209
s 113/dR_A is: x:+0.2095 y:-0.1209 z: +0.0000
s 114/dR_A is: x:+0.0000 y:+0.0000 z: -0.3570
s 115/dR_A is: x:+0.0000 y:+0.0000 z: +0.3981
s 116/dR_A is: x:+0.0000 y:+0.0000 z: +0.0000
s 117/dR_A is: x:+0.3981 y:-0.0000 z: +0.0000
s 118/dR_A is: x:+0.0000 y:-16.4480 z: -4.6599
s 119/dR_A is: x:-0.0000 y:-2.3085 z: +1.2731
s 1110/dR_A is: x:+260.9215 y:-0.0000 z: -0.0000
s 1111/dR_A is: x:+9.3978 y:-19.3252 z: +0.0000
s 1112/dR_A is: x:+0.0000 y:+0.0000 z: -0.3570
s 1113/dR_A is: x:+0.0000 y:+0.0000 z: -0.1991
s 1114/dR_A is: x:+0.0000 y:+0.0000 z: -0.3448
s 1115/dR_A is: x:-0.1991 y:-0.3448 z: +0.0000
s 1116/dR_A is: x:+0.0000 y:+0.0000 z: -0.1768
s 1117/dR_A is: x:+0.0000 y:+0.0000 z: +0.0000
s 1118/dR_A is: x:+0.0000 y:+0.0000 z: -0.2419
s 1119/dR_A is: x:-0.0000 y:-0.2419 z: +0.0000
s 1120/dR_A is: x:+0.0000 y:+0.0000 z: -0.1278
s 1121/dR_A is: x:+0.0000 y:+0.0000 z: +0.0902
s 1122/dR_A is: x:+0.0000 y:+0.0000 z: -0.1562
s 1123/dR_A is: x:+0.0902 y:-0.1562 z: +0.0000
s 1124/dR_A is: x:+0.0000 y:+0.0000 z: -0.0619
s 1125/dR_A is: x:+0.0000 y:+0.0000 z: -0.2073
s 1126/dR_A is: x:+0.0000 y:+0.0000 z: -0.4732
s 1127/dR_A is: x:+0.0000 y:+0.0000 z: -0.2073
s 1128/dR_A is: x:+0.0000 y:+0.0000 z: -0.0619
s 1129/dR_A is: x:+0.0000 y:+0.0000 z: -0.0376
s 120/dR_A is: x:+0.2473 y:+0.0000 z: +0.0000
s 121/dR_A is: x:-0.1953 y:+0.0000 z: +0.0000
s 122/dR_A is: x:+0.0000 y:+0.1278 z: +0.0000
s 123/dR_A is: x:+0.0000 y:+0.0000 z: +0.1278
s 124/dR_A is: x:+0.2490 y:+0.1438 z: +0.0000
s 125/dR_A is: x:-0.0884 y:-0.1531 z: +0.0000
s 126/dR_A is: x:-0.1531 y:+0.0884 z: +0.0000
s 127/dR_A is: x:+0.0000 y:+0.0000 z: +0.1768
s 128/dR_A is: x:+0.1527 y:+0.2645 z: +0.0000
s 129/dR_A is: x:+0.2922 y:-0.1122 z: +0.0000
s 1210/dR_A is: x:-0.1122 y:+0.1626 z: +0.0000
s 1211/dR_A is: x:+0.0000 y:+0.0000 z: +0.3570
s 1212/dR_A is: x:-0.0000 y:-0.0000 z: +0.0000
s 1213/dR_A is: x:-1.5239 y:+0.5430 z: -23.5315
s 1214/dR_A is: x:-14.7705 y:+6.8715 z: +9.1576
s 1215/dR_A is: x:-14.7418 y:+6.9451 z: +12.0280
s 1216/dR_A is: x:+0.1527 y:-0.2645 z: +0.0000
s 1217/dR_A is: x:+0.2922 y:+0.1122 z: +0.0000
s 1218/dR_A is: x:+0.1122 y:+0.1626 z: +0.0000
s 1219/dR_A is: x:+0.0000 y:+0.0000 z: +0.3570
s 1220/dR_A is: x:+0.2490 y:-0.1438 z: +0.0000
s 1221/dR_A is: x:-0.0884 y:+0.1531 z: +0.0000
s 1222/dR_A is: x:+0.1531 y:+0.0884 z: +0.0000
s 1223/dR_A is: x:+0.0000 y:+0.0000 z: +0.1768
s 1224/dR_A is: x:+0.1087 y:+0.0000 z: +0.0000
s 1225/dR_A is: x:+0.1193 y:+0.0973 z: +0.0000
s 1226/dR_A is: x:+0.0212 y:+0.2947 z: +0.0000
s 1227/dR_A is: x:-0.2873 y:+0.0000 z: +0.0000
s 1228/dR_A is: x:+0.0212 y:-0.2947 z: +0.0000
s 1229/dR_A is: x:+0.1193 y:-0.0973 z: +0.0000
s 130/dR_A is: x:+0.1953 y:+0.0000 z: +0.0000
s 131/dR_A is: x:-0.0583 y:+0.0000 z: +0.0000
s 132/dR_A is: x:+0.0000 y:+0.1804 z: +0.0000
s 133/dR_A is: x:+0.0000 y:+0.0000 z: +0.1804
s 134/dR_A is: x:+0.0884 y:+0.1531 z: +0.0000
s 135/dR_A is: x:+0.1945 y:-0.1296 z: +0.0000
